id_pessoa;numero;tipo
1;697-555-0142;1
2;819-555-0175;3
3;212-555-0187;1
4;612-555-0100;1
5;849-555-0139;1
6;122-555-0189;3
7;181-555-0156;3
8;815-555-0138;1
9;185-555-0186;1
10;330-555-2568;3
11;719-555-0181;1
12;168-555-0183;3
13;473-555-0117;3
14;465-555-0156;1
15;970-555-0138;1
16;913-555-0172;3
17;150-555-0189;1
18;486-555-0150;3
19;124-555-0114;1
20;708-555-0141;3
21;138-555-0118;1
22;399-555-0176;3
23;531-555-0183;3
24;510-555-0121;3
25;870-555-0122;3
26;913-555-0196;3
27;632-555-0129;1
28;320-555-0195;3
29;417-555-0154;3
30;955-555-0169;1
31;818-555-0128;1
32;314-555-0113;1
33;499-555-0125;3
34;753-555-0129;1
35;429-555-0137;1
36;587-555-0115;1
37;315-555-0144;1
38;208-555-0114;1
39;919-555-0140;3
40;903-555-0145;3
41;712-555-0113;1
42;119-555-0117;1
43;970-555-0118;1
44;963-555-0134;3
45;278-555-0118;1
46;173-555-0179;1
47;908-555-0159;1
48;145-555-0130;1
49;206-555-0180;3
50;424-555-0189;3
51;984-555-0185;3
52;328-555-0150;1
53;202-555-0151;1
54;264-555-0150;3
55;508-555-0165;3
56;869-555-0119;1
57;167-555-0139;3
58;138-555-0128;3
59;611-555-0116;3
60;768-555-0123;1
61;361-555-0180;3
62;435-555-0113;3
63;237-555-0128;1
64;582-555-0148;1
65;961-555-0122;1
66;447-555-0186;3
67;407-555-0165;3
68;931-555-0118;3
69;712-555-0170;3
70;712-555-0119;3
71;156-555-0199;1
72;925-555-0114;3
73;688-555-0192;1
74;199-555-0117;3
75;984-555-0148;3
76;609-555-0153;1
77;224-555-0187;3
78;191-555-0112;3
79;680-555-0118;1
80;166-555-0156;3
81;733-555-0128;3
82;521-555-0113;1
83;425-555-0117;1
84;203-555-0196;3
85;730-555-0117;1
86;208-555-0114;3
87;434-555-0133;1
88;405-555-0171;1
89;413-555-0124;1
90;500-555-0172;1
91;123-555-0167;3
92;295-555-0161;3
93;999-555-0155;3
94;786-555-0144;3
95;679-555-0113;3
96;318-555-0137;1
97;140-555-0132;3
98;990-555-0172;1
99;913-555-0184;1
100;582-555-0178;1
101;180-555-0136;1
102;113-555-0173;1
103;202-555-0187;1
104;283-555-0185;3
105;555-555-0113;3
106;254-555-0114;3
107;153-555-0166;1
108;794-555-0159;1
109;333-555-0173;1
110;299-555-0113;3
111;932-555-0161;3
112;172-555-0130;1
113;612-555-0171;1
114;637-555-0120;3
115;150-555-0194;1
116;441-555-0195;3
117;559-555-0175;3
118;100-555-0174;3
119;817-555-0186;3
120;785-555-0132;3
121;577-555-0185;3
122;943-555-0196;3
123;937-555-0137;3
124;309-555-0129;3
125;139-555-0120;1
126;927-555-0168;1
127;986-555-0177;1
128;147-555-0160;3
129;901-555-0125;1
130;238-555-0116;3
131;164-555-0114;3
132;508-555-0129;1
133;454-555-0119;3
134;260-555-0119;1
135;115-555-0179;3
136;492-555-0174;1
137;106-555-0120;3
138;587-555-0114;1
139;497-555-0181;1
140;129-555-0199;1
141;590-555-0152;3
142;306-555-0186;1
143;491-555-0183;1
144;727-555-0112;1
145;352-555-0138;1
146;952-555-0178;1
147;896-555-0168;3
148;571-555-0179;3
149;118-555-0110;1
150;296-555-0121;1
151;751-555-0134;1
152;965-555-0155;1
153;319-555-0139;3
154;226-555-0197;3
155;935-555-0116;3
156;200-555-0117;1
157;696-555-0157;3
158;991-555-0184;1
159;110-555-0115;3
160;350-555-0167;1
161;669-555-0150;3
162;777-555-0141;3
163;819-555-0198;3
164;207-555-0192;1
165;200-555-0112;1
166;552-555-0111;3
167;166-555-0162;1
168;609-555-0179;3
169;639-555-0164;1
170;518-555-0199;1
171;373-555-0142;3
172;234-555-0169;1
173;241-555-0191;1
174;533-555-0111;1
175;678-555-0110;3
176;118-555-0177;3
177;517-555-0122;3
178;663-555-0172;1
179;139-555-0131;3
180;809-555-0133;3
181;218-555-0126;3
182;143-555-0173;1
183;119-555-0192;1
184;201-555-0163;1
185;165-555-0113;1
186;810-555-0178;1
187;286-555-0189;3
188;808-555-0172;1
189;540-555-0191;3
190;589-555-0147;1
191;450-555-0152;1
192;142-555-0139;3
193;668-555-0130;3
194;818-555-0192;1
195;714-555-0138;3
196;793-555-0179;1
197;373-555-0137;1
198;845-555-0184;3
199;476-555-0119;1
200;158-555-0191;1
201;110-555-0182;1
202;368-555-0113;3
203;949-555-0174;3
204;310-555-0117;3
205;289-555-0196;1
206;413-555-0136;1
207;332-555-0150;3
208;391-555-0138;1
209;446-555-0118;3
210;319-555-0126;1
211;869-555-0125;3
212;164-555-0164;3
213;325-555-0137;3
214;181-555-0124;1
215;147-555-0179;1
216;420-555-0173;1
217;204-555-0115;1
218;910-555-0116;3
219;205-555-0132;1
220;746-555-0164;3
221;575-555-0126;1
222;992-555-0194;1
223;500-555-0159;1
224;148-555-0145;1
225;438-555-0172;3
226;313-555-0196;1
227;110-555-0112;1
228;846-555-0157;1
229;295-555-0161;1
230;539-555-0149;3
231;228-555-0159;1
232;720-555-0158;3
233;583-555-0182;3
234;615-555-0110;1
235;523-555-0175;1
236;955-555-0131;3
237;806-555-0136;3
238;153-555-0186;3
239;522-555-0147;3
240;778-555-0141;3
241;646-555-0185;3
242;602-555-0194;1
243;920-555-0177;1
244;935-555-0199;3
245;822-555-0145;1
246;117-555-0185;3
247;393-555-0186;3
248;927-555-0150;3
249;248-555-0134;3
250;210-555-0193;3
251;309-555-0170;3
252;848-555-0163;1
253;916-555-0165;1
254;520-555-0177;3
255;230-555-0144;1
256;163-555-0147;1
257;265-555-0195;3
258;842-555-0158;3
259;151-555-0113;3
260;125-555-0196;1
261;370-555-0163;3
262;477-555-0132;3
263;685-555-0120;3
264;594-555-0110;3
265;656-555-0119;3
266;310-555-0133;3
267;654-555-0177;3
268;182-555-0134;3
269;166-555-0159;3
270;785-555-0110;1
271;653-555-0144;3
272;623-555-0155;3
273;716-555-0127;1
274;238-555-0197;1
275;257-555-0154;1
276;883-555-0116;3
277;517-555-0117;3
278;922-555-0165;3
279;664-555-0112;3
280;340-555-0193;1
281;330-555-0120;1
282;185-555-0169;3
283;740-555-0182;3
284;615-555-0153;3
285;926-555-0182;3
286;1 (11) 500 555-0190;1
287;775-555-0164;3
288;1 (11) 500 555-0140;1
289;1 (11) 500 555-0145;3
290;1 (11) 500 555-0117;1
291;398-555-0132;1
293;747-555-0171;1
295;334-555-0137;3
297;599-555-0127;1
299;1 (11) 500 555-0132;1
301;991-555-0183;3
303;959-555-0151;1
305;107-555-0138;1
307;158-555-0142;1
309;453-555-0165;1
311;554-555-0110;3
313;1 (11) 500 555-0198;1
315;678-555-0175;1
317;571-555-0128;1
319;440-555-0166;1
321;1 (11) 500 555-0150;1
323;727-555-0115;3
325;197-555-0143;3
327;492-555-0189;1
329;331-555-0162;1
331;968-555-0153;3
333;845-555-0187;1
335;115-555-0175;3
337;555-555-0162;3
339;695-555-0111;3
341;447-555-0110;1
343;607-555-0193;1
345;699-555-0155;1
347;855-555-0174;1
349;1 (11) 500 555-0190;1
351;781-555-0199;1
353;178-555-0129;3
355;614-555-0134;3
357;1 (11) 500 555-0181;1
359;327-555-0148;1
361;922-555-0193;1
363;500-555-0134;3
365;717-555-0131;3
367;883-555-0177;1
369;226-555-0146;1
371;149-555-0113;1
373;556-555-0145;1
375;129-555-0110;3
377;1 (11) 500 555-0139;3
379;665-555-0198;3
381;818-555-0171;3
383;1 (11) 500 555-0187;3
385;221-555-0167;1
387;121-555-0157;3
389;234-555-0112;3
391;583-555-0130;3
393;790-555-0112;3
395;780-555-0114;3
397;640-555-0189;1
399;816-555-0118;3
401;134-555-0182;1
403;752-555-0115;3
405;241-555-0112;1
407;1 (11) 500 555-0151;3
409;1 (11) 500 555-0168;3
411;584-555-0192;3
413;726-555-0191;1
415;1 (11) 500 555-0187;1
417;257-555-0119;3
419;1 (11) 500 555-0112;3
421;916-555-0133;1
423;115-555-0170;3
425;1 (11) 500 555-0113;3
427;396-555-0187;1
429;521-555-0195;3
431;1 (11) 500 555-0132;1
433;1 (11) 500 555-0127;3
435;1 (11) 500 555-0140;1
437;277-555-0169;1
439;843-555-0175;1
441;156-555-0126;1
443;608-555-0114;3
445;1 (11) 500 555-0163;3
447;973-555-0112;1
449;789-555-0189;3
451;528-555-0183;1
453;599-555-0160;3
455;1 (11) 500 555-0177;1
457;911-555-0153;1
459;640-555-0198;3
461;813-555-0173;1
463;519-555-0151;3
465;156-555-0111;1
467;144-555-0175;3
469;795-555-0116;3
471;449-555-0176;3
473;384-555-0169;3
475;471-555-0181;1
477;280-555-0124;1
479;609-555-0186;1
481;1 (11) 500 555-0136;1
483;992-555-0111;3
485;176-555-0136;3
487;264-555-0143;3
489;972-555-0163;1
491;357-555-0161;1
493;121-555-0121;3
495;126-555-0172;1
497;763-555-0145;3
499;838-555-0147;1
501;332-555-0142;3
503;688-555-0113;3
505;383-555-0117;3
507;1 (11) 500 555-0122;1
509;371-555-0143;1
511;844-555-0112;3
513;954-555-0145;3
515;229-555-0114;3
517;340-555-0131;3
519;545-555-0183;3
521;962-555-0166;1
523;494-555-0134;3
525;163-555-0155;3
527;162-555-0166;1
529;513-555-0149;3
531;1 (11) 500 555-0184;1
533;1 (11) 500 555-0179;1
535;525-555-0174;3
537;1 (11) 500 555-0146;1
539;689-555-0130;3
541;575-555-0189;3
543;496-555-0150;3
545;658-555-0146;3
547;428-555-0162;3
549;1 (11) 500 555-0122;3
551;644-555-0114;3
553;581-555-0189;3
555;128-555-0148;1
557;383-555-0155;3
559;249-555-0172;3
561;817-555-0114;3
563;1 (11) 500 555-0183;3
565;476-555-0184;1
567;315-555-0166;1
569;148-555-0149;1
571;857-555-0187;3
573;652-555-0132;1
575;710-555-0116;1
577;1 (11) 500 555-0136;3
579;251-555-0172;1
581;1 (11) 500 555-0129;1
583;131-555-0171;1
585;164-555-0147;3
587;1 (11) 500 555-0138;3
589;1 (11) 500 555-0199;1
591;726-555-0155;1
593;1 (11) 500 555-0122;3
595;1 (11) 500 555-0118;3
597;145-555-0152;1
599;827-555-0143;3
601;1 (11) 500 555-0118;1
603;377-555-0158;1
605;1 (11) 500 555-0190;3
607;700-555-0155;1
609;756-555-0117;3
611;635-555-0126;3
613;118-555-0131;3
615;965-555-0112;3
617;990-555-0141;1
619;488-555-0130;3
621;112-555-0191;3
623;1 (11) 500 555-0140;1
625;193-555-0116;1
627;1 (11) 500 555-0120;1
629;716-555-0167;3
631;646-555-0137;3
633;268-555-0184;3
635;1 (11) 500 555-0163;3
637;620-555-0117;1
639;944-555-0148;3
641;279-555-0130;1
643;244-555-0112;1
645;1 (11) 500 555-0191;3
647;180-555-0114;1
649;353-555-0188;3
651;362-555-0162;1
653;242-555-0181;1
655;695-555-0161;3
657;1 (11) 500 555-0178;3
659;644-555-0111;3
661;351-555-0131;3
663;301-555-0128;1
665;1 (11) 500 555-0134;1
667;127-555-0124;1
669;448-555-0179;3
671;223-555-0184;1
673;708-555-0169;3
675;1 (11) 500 555-0180;1
677;117-555-0173;3
679;514-555-0128;1
681;789-555-0184;1
683;344-555-0181;3
685;264-555-0164;3
687;1 (11) 500 555-0181;1
689;1 (11) 500 555-0142;1
691;727-555-0190;3
693;273-555-0181;1
695;429-555-0145;1
697;334-555-0146;3
699;927-555-0198;3
701;221-555-0141;3
703;539-555-0142;1
705;1 (11) 500 555-0176;3
707;206-555-0195;1
709;250-555-0127;1
711;661-555-0168;3
713;426-555-0181;1
715;159-555-0190;3
717;1 (11) 500 555-0140;3
719;292-555-0128;1
721;987-555-0126;3
723;397-555-0144;3
725;119-555-0144;3
727;652-555-0115;3
729;1 (11) 500 555-0117;3
731;383-555-0111;3
733;752-555-0187;1
735;1 (11) 500 555-0133;3
737;428-555-0176;3
739;884-555-0193;3
741;773-555-0182;3
743;542-555-0164;1
745;941-555-0155;1
747;1 (11) 500 555-0147;3
749;140-555-0143;1
751;945-555-0112;3
753;539-555-0182;3
755;889-555-0176;3
757;1 (11) 500 555-0148;3
759;859-555-0173;3
761;119-555-0167;1
763;115-555-0113;3
765;937-555-0136;3
767;680-555-0192;1
769;1 (11) 500 555-0178;1
771;219-555-0126;1
773;839-555-0198;1
775;551-555-0155;3
777;188-555-0152;3
779;767-555-0151;3
781;394-555-0176;1
783;1 (11) 500 555-0113;1
785;820-555-0166;3
787;358-555-0188;1
789;819-555-0186;1
791;175-555-0198;1
793;752-555-0185;3
795;1 (11) 500 555-0118;1
797;572-555-0156;1
799;138-555-0156;1
801;143-555-0113;3
803;147-555-0192;1
805;835-555-0116;3
807;1 (11) 500 555-0197;1
809;1 (11) 500 555-0193;3
811;722-555-0169;1
813;576-555-0171;1
815;156-555-0187;3
817;706-555-0140;1
819;754-555-0134;3
821;899-555-0134;1
823;169-555-0178;3
825;698-555-0183;3
827;916-555-0137;3
829;1 (11) 500 555-0153;3
831;158-555-0188;1
833;1 (11) 500 555-0178;3
835;362-555-0121;3
837;539-555-0121;1
839;962-555-0144;3
841;716-555-0123;1
843;674-555-0188;3
845;186-555-0135;1
847;847-555-0151;3
849;425-555-0158;1
851;185-555-0190;3
853;1 (11) 500 555-0130;1
855;1 (11) 500 555-0176;3
857;691-555-0149;3
859;834-555-0132;1
861;962-555-0112;1
863;753-555-0179;1
865;1 (11) 500 555-0123;1
867;1 (11) 500 555-0136;3
869;554-555-0124;1
871;252-555-0127;1
873;581-555-0172;3
875;1 (11) 500 555-0191;1
877;153-555-0114;1
879;957-555-0125;3
881;329-555-0183;1
883;475-555-0188;3
885;920-555-0191;3
887;1 (11) 500 555-0115;3
889;993-555-0162;1
891;627-555-0192;3
893;1 (11) 500 555-0119;1
895;272-555-0123;3
897;395-555-0128;3
899;768-555-0125;1
901;191-555-0198;3
903;721-555-0163;3
905;1 (11) 500 555-0123;3
907;994-555-0194;3
909;991-555-0148;1
911;777-555-0163;1
913;596-555-0153;3
915;492-555-0146;1
917;1 (11) 500 555-0137;1
919;962-555-0175;1
921;653-555-0170;3
923;912-555-0149;1
925;672-555-0112;1
927;150-555-0127;1
929;192-555-0173;3
931;710-555-0173;3
933;245-555-0173;1
935;417-555-0182;1
937;724-555-0161;3
939;1 (11) 500 555-0181;1
941;1 (11) 500 555-0198;1
943;1 (11) 500 555-0169;1
945;1 (11) 500 555-0112;1
947;692-555-0136;1
949;583-555-0198;3
951;521-555-0183;1
953;149-555-0196;3
955;605-555-0111;3
957;669-555-0149;3
959;898-555-0137;3
961;1 (11) 500 555-0191;1
963;164-555-0145;1
965;637-555-0120;1
967;621-555-0157;1
969;495-555-0161;1
971;1 (11) 500 555-0180;1
973;433-555-0162;3
975;121-555-0139;1
977;132-555-0150;1
979;674-555-0187;1
981;1 (11) 500 555-0168;3
983;1 (11) 500 555-0114;3
985;737-555-0163;1
987;351-555-0130;1
989;385-555-0140;3
991;461-555-0118;3
993;479-555-0129;3
995;1 (11) 500 555-0112;3
997;141-555-0172;1
999;552-555-0141;1
1001;244-555-0127;1
1003;867-555-0114;1
1005;623-555-0153;1
1007;1 (11) 500 555-0182;1
1009;344-555-0144;1
1011;418-555-0115;1
1013;216-555-0122;3
1015;582-555-0113;1
1017;497-555-0147;1
1019;1 (11) 500 555-0167;3
1021;926-555-0159;1
1023;872-555-0171;1
1025;828-555-0186;3
1027;170-555-0127;1
1029;703-555-0158;3
1031;774-555-0133;1
1033;713-555-0168;1
1035;751-555-0119;3
1037;1 (11) 500 555-0191;3
1039;763-555-0120;1
1041;1 (11) 500 555-0182;1
1043;393-555-0167;3
1045;967-555-0129;3
1047;107-555-0117;3
1049;859-555-0140;1
1051;272-555-0126;3
1053;1 (11) 500 555-0118;1
1055;143-555-0129;1
1057;1 (11) 500 555-0197;1
1059;790-555-0197;3
1061;214-555-0145;3
1063;456-555-0184;1
1065;158-555-0154;1
1067;784-555-0120;1
1069;215-555-0197;1
1071;1 (11) 500 555-0178;3
1073;117-555-0110;1
1075;1 (11) 500 555-0144;1
1077;194-555-0149;1
1079;597-555-0132;1
1081;454-555-0160;3
1083;146-555-0176;1
1085;860-555-0119;1
1087;1 (11) 500 555-0157;3
1089;419-555-0166;3
1091;969-555-0117;3
1093;850-555-0198;1
1095;140-555-0188;3
1097;654-555-0150;1
1099;129-555-0120;3
1101;1 (11) 500 555-0181;3
1103;1 (11) 500 555-0123;1
1105;570-555-0199;1
1107;996-555-0196;1
1109;632-555-0171;1
1111;555-555-0162;1
1113;1 (11) 500 555-0187;3
1115;1 (11) 500 555-0119;1
1117;851-555-0127;3
1119;190-555-0186;1
1121;1 (11) 500 555-0146;1
1123;482-555-0188;1
1125;153-555-0195;1
1127;129-555-0185;1
1129;809-555-0152;3
1131;718-555-0152;3
1133;199-555-0135;3
1135;367-555-0124;1
1137;116-555-0163;3
1139;1 (11) 500 555-0127;3
1141;1 (11) 500 555-0112;1
1143;697-555-0131;3
1145;703-555-0120;1
1147;652-555-0189;1
1149;344-555-0133;3
1151;1 (11) 500 555-0140;1
1153;1 (11) 500 555-0113;3
1155;103-555-0151;3
1157;458-555-0179;3
1159;1 (11) 500 555-0112;3
1161;910-555-0116;1
1163;762-555-0110;1
1165;356-555-0190;1
1167;523-555-0170;3
1169;858-555-0140;1
1171;320-555-0134;3
1173;476-555-0139;1
1175;230-555-0164;1
1177;1 (11) 500 555-0187;3
1179;595-555-0131;1
1181;895-555-0160;1
1183;207-555-0129;3
1185;170-555-0189;1
1187;224-555-0126;3
1189;1 (11) 500 555-0179;1
1191;303-555-0117;1
1193;685-555-0176;1
1195;495-555-0113;3
1197;1 (11) 500 555-0186;1
1199;765-555-0141;1
1201;165-555-0172;3
1203;731-555-0187;3
1205;928-555-0117;1
1207;1 (11) 500 555-0116;1
1209;1 (11) 500 555-0115;1
1211;112-555-0195;3
1213;330-555-0116;3
1215;510-555-0123;3
1217;275-555-0179;1
1219;1 (11) 500 555-0146;1
1221;1 (11) 500 555-0132;3
1223;656-555-0173;3
1225;145-555-0166;3
1227;249-555-0179;1
1229;390-555-0150;1
1231;1 (11) 500 555-0144;1
1233;1 (11) 500 555-0165;1
1235;155-555-0149;1
1237;244-555-0115;1
1239;871-555-0159;1
1241;608-555-0162;1
1243;362-555-0177;3
1245;129-555-0185;3
1247;108-555-0171;3
1249;1 (11) 500 555-0199;3
1251;979-555-0163;1
1253;136-555-0134;1
1255;556-555-0192;3
1257;810-555-0198;1
1259;1 (11) 500 555-0173;3
1261;1 (11) 500 555-0170;1
1263;814-555-0130;3
1265;996-555-0192;3
1267;265-555-0190;3
1269;107-555-0132;3
1271;1 (11) 500 555-0122;1
1273;1 (11) 500 555-0127;1
1275;290-555-0196;1
1277;452-555-0179;1
1279;436-555-0160;1
1281;932-555-0163;1
1283;1 (11) 500 555-0155;3
1285;1 (11) 500 555-0181;3
1287;653-555-0159;3
1289;482-555-0174;1
1291;396-555-0139;3
1293;306-555-0166;1
1295;491-555-0132;1
1297;371-555-0112;3
1299;1 (11) 500 555-0165;3
1301;1 (11) 500 555-0126;1
1303;947-555-0143;3
1305;645-555-0193;1
1307;354-555-0130;3
1309;296-555-0171;3
1311;493-555-0134;1
1313;1 (11) 500 555-0119;1
1315;195-555-0196;1
1317;803-555-0116;3
1319;699-555-0183;1
1321;316-555-0138;1
1323;1 (11) 500 555-0167;3
1325;1 (11) 500 555-0176;1
1327;119-555-0195;3
1329;380-555-0116;1
1331;440-555-0132;3
1333;928-555-0116;1
1335;926-555-0164;3
1337;284-555-0185;1
1339;783-555-0110;3
1341;1 (11) 500 555-0189;3
1343;415-555-0147;1
1345;377-555-0132;3
1347;911-555-0165;1
1349;333-555-0113;3
1351;164-555-0118;3
1353;1 (11) 500 555-0133;3
1355;140-555-0128;3
1357;260-555-0130;1
1359;183-555-0111;1
1361;565-555-0181;1
1363;631-555-0155;1
1365;1 (11) 500 555-0159;1
1367;666-555-0143;1
1369;1 (11) 500 555-0196;1
1371;537-555-0190;1
1373;470-555-0171;1
1375;245-555-0191;3
1377;774-555-0177;3
1379;1 (11) 500 555-0134;3
1381;1 (11) 500 555-0174;1
1383;1 (11) 500 555-0146;3
1385;1 (11) 500 555-0178;1
1387;942-555-0141;1
1389;747-555-0113;3
1391;685-555-0117;1
1393;394-555-0168;1
1395;1 (11) 500 555-0139;1
1397;1 (11) 500 555-0137;3
1399;1 (11) 500 555-0177;1
1401;1 (11) 500 555-0113;1
1403;171-555-0147;1
1405;154-555-0115;1
1407;1 (11) 500 555-0174;3
1409;1 (11) 500 555-0175;3
1411;642-555-0187;1
1413;993-555-0179;1
1415;455-555-0144;1
1417;431-555-0153;1
1419;1 (11) 500 555-0179;3
1421;618-555-0193;1
1423;173-555-0151;1
1425;529-555-0195;3
1427;600-555-0162;3
1429;191-555-0151;3
1431;1 (11) 500 555-0158;1
1433;378-555-0157;3
1435;623-555-0144;3
1437;158-555-0123;1
1439;1 (11) 500 555-0195;3
1441;1 (11) 500 555-0162;3
1443;723-555-0124;1
1445;535-555-0189;1
1447;963-555-0146;1
1449;995-555-0114;1
1451;1 (11) 500 555-0125;1
1453;399-555-0114;3
1455;235-555-0199;1
1457;519-555-0112;3
1459;249-555-0124;3
1461;962-555-0139;1
1463;1 (11) 500 555-0114;3
1465;162-555-0174;1
1467;562-555-0119;1
1469;918-555-0127;3
1471;1 (11) 500 555-0176;1
1473;1 (11) 500 555-0181;3
1475;207-555-0167;1
1477;140-555-0192;1
1479;118-555-0184;1
1481;992-555-0134;1
1483;1 (11) 500 555-0182;1
1485;1 (11) 500 555-0183;3
1487;239-555-0198;1
1489;129-555-0164;3
1491;273-555-0100;1
1493;298-555-0100;1
1495;859-555-0100;3
1497;315-555-0100;3
1499;142-555-0100;1
1501;920-555-0100;1
1503;879-555-0100;1
1505;959-555-0100;3
1507;321-555-0100;3
1509;432-555-0100;3
1511;114-555-0100;3
1513;945-555-0100;1
1515;882-555-0100;3
1517;439-555-0100;1
1519;235-555-0100;3
1521;923-555-0100;3
1523;991-555-0100;3
1525;176-555-0100;3
1527;314-555-0100;1
1529;240-555-0100;1
1531;163-555-0100;1
1533;198-555-0100;3
1535;669-555-0100;3
1537;134-555-0100;3
1539;905-555-0100;3
1541;362-555-0100;3
1543;526-555-0100;3
1545;269-555-0100;1
1547;460-555-0100;1
1549;330-555-0100;3
1551;761-555-0100;3
1553;360-555-0100;3
1555;173-555-0100;3
1557;139-555-0100;3
1559;528-555-0100;1
1561;944-555-0100;3
1563;533-555-0100;3
1565;810-555-0100;3
1567;275-555-0100;1
1569;133-555-0100;1
1571;937-555-0100;1
1573;288-555-0100;3
1575;472-555-0100;3
1577;939-555-0100;1
1579;529-555-0100;3
1581;433-555-0100;1
1583;597-555-0100;3
1585;352-555-0100;3
1587;724-555-0100;3
1589;843-555-0100;3
1591;178-555-0100;1
1593;550-555-0100;3
1595;941-555-0100;1
1597;718-555-0100;3
1599;614-555-0100;1
1601;943-555-0100;1
1603;404-555-0100;1
1605;104-555-0100;1
1607;709-555-0100;1
1609;626-555-0100;3
1611;125-555-0100;3
1613;996-555-0100;1
1615;939-555-0100;3
1617;387-555-0100;3
1619;823-555-0100;1
1621;331-555-0100;1
1623;557-555-0100;1
1625;135-555-0100;1
1627;433-555-0100;1
1629;153-555-0100;3
1631;665-555-0100;3
1633;686-555-0100;3
1635;117-555-0100;1
1637;120-555-0100;3
1639;704-555-0100;1
1641;927-555-0100;3
1643;164-555-0100;1
1645;130-555-0100;1
1647;207-555-0100;3
1649;430-555-0100;1
1651;193-555-0100;3
1653;839-555-0100;1
1655;961-555-0100;3
1657;141-555-0100;3
1659;476-555-0100;3
1661;317-555-0100;1
1663;354-555-0100;1
1665;459-555-0100;1
1667;124-555-0100;3
1669;115-555-0100;1
1671;340-555-0100;3
1673;668-555-0100;3
1675;800-555-0100;3
1677;113-555-0100;3
1679;574-555-0100;3
1681;537-555-0100;3
1683;504-555-0100;1
1685;582-555-0100;3
1687;705-555-0100;1
1689;172-555-0100;3
1691;519-555-0100;1
1693;177-555-0100;3
1695;329-555-0100;3
1697;336-555-0100;3
1699;238-555-0100;2
1700;648-555-0100;1
1701;423-555-0100;1
1702;439-555-0100;1
1703;989-555-0100;1
1704;899-555-0100;2
1705;326-555-0100;2
1706;358-555-0100;1
1707;786-555-0100;1
1708;369-555-0100;2
1709;583-555-0100;2
1710;953-555-0100;1
1711;227-555-0100;1
1712;633-555-0100;2
1713;587-555-0100;1
1714;856-555-0100;1
1715;498-555-0100;2
1716;529-555-0100;2
1717;114-555-0100;2
1718;132-555-0100;2
1719;109-555-0100;1
1720;111-555-0100;1
1721;313-555-0100;1
1722;129-555-0100;2
1723;114-555-0100;1
1724;749-555-0100;1
1725;127-555-0100;1
1726;967-555-0100;2
1727;854-555-0100;1
1728;113-555-0100;1
1729;153-555-0100;1
1730;356-555-0100;1
1731;535-555-0100;2
1732;958-555-0100;2
1733;156-555-0100;2
1734;157-555-0100;1
1735;155-555-0100;2
1736;988-555-0100;1
1737;910-555-0100;1
1738;558-555-0100;2
1739;210-555-0100;2
1740;209-555-0100;2
1741;492-555-0100;1
1742;861-555-0100;1
1743;116-555-0100;2
1744;194-555-0100;1
1745;880-555-0100;2
1746;484-555-0100;1
1747;192-555-0100;2
1748;943-555-0100;1
1749;361-555-0100;2
1750;760-555-0100;1
1751;151-555-0100;2
1752;185-555-0100;2
1753;187-555-0100;1
1754;715-555-0100;1
1755;274-555-0100;1
1756;288-555-0100;1
1757;115-555-0100;1
1758;886-555-0100;2
1759;575-555-0100;1
1760;390-555-0100;1
1761;641-555-0100;2
1762;685-555-0100;2
1763;204-555-0100;1
1764;962-555-0100;2
1765;756-555-0100;2
1766;128-555-0100;1
1767;941-555-0100;1
1768;153-555-0100;2
1769;284-555-0100;1
1770;182-555-0100;2
1771;326-555-0100;1
1772;515-555-0100;2
1773;978-555-0100;1
1774;129-555-0100;2
1775;385-555-0100;2
1776;574-555-0100;1
1777;349-555-0100;1
1778;193-555-0100;2
1779;149-555-0100;2
1780;504-555-0100;2
1781;819-555-0100;2
1782;283-555-0100;1
1783;173-555-0100;1
1784;161-555-0100;1
1785;230-555-0100;1
1786;755-555-0100;3
1787;610-555-0100;3
1788;836-555-0100;1
1789;644-555-0100;1
1790;632-555-0100;3
1791;597-555-0100;3
1792;572-555-0100;1
1793;513-555-0100;1
1794;176-555-0100;3
1795;741-555-0173;3
1797;797-555-0118;3
1799;1 (11) 500 555-0128;3
1801;1 (11) 500 555-0115;3
1803;792-555-0194;3
1805;441-555-0144;1
1807;328-555-0123;1
1809;517-555-0120;3
1811;355-555-0180;3
1813;366-555-0110;1
1815;226-555-0110;3
1817;1 (11) 500 555-0151;1
1819;601-555-0151;3
1821;493-555-0185;3
1823;315-555-0131;1
1825;112-555-0160;3
1827;512-555-0122;3
1829;1 (11) 500 555-0149;1
1831;1 (11) 500 555-0199;3
1833;924-555-0195;3
1835;306-555-0112;1
1837;323-555-0113;3
1839;613-555-0116;1
1841;1 (11) 500 555-0122;1
1843;1 (11) 500 555-0177;3
1845;688-555-0115;1
1847;132-555-0149;3
1849;926-555-0136;3
1851;421-555-0192;3
1853;1 (11) 500 555-0181;1
1855;238-555-0163;3
1857;145-555-0194;3
1859;787-555-0128;1
1861;825-555-0187;1
1863;204-555-0189;1
1865;1 (11) 500 555-0155;1
1867;214-555-0170;3
1869;588-555-0128;1
1871;238-555-0165;1
1873;785-555-0163;3
1875;799-555-0118;1
1877;246-555-0110;1
1879;1 (11) 500 555-0114;1
1881;667-555-0112;1
1883;699-555-0184;1
1885;273-555-0111;3
1887;464-555-0188;1
1889;247-555-0197;1
1891;1 (11) 500 555-0120;3
1893;1 (11) 500 555-0131;1
1895;744-555-0123;3
1897;430-555-0121;1
1899;847-555-0184;3
1901;916-555-0171;3
1903;538-555-0182;1
1905;1 (11) 500 555-0132;3
1907;833-555-0167;1
1909;328-555-0192;3
1911;505-555-0145;1
1913;1 (11) 500 555-0147;1
1915;907-555-0170;3
1917;317-555-0163;3
1919;740-555-0159;3
1921;398-555-0167;1
1923;881-555-0139;1
1925;1 (11) 500 555-0115;3
1927;882-555-0115;1
1929;793-555-0146;1
1931;308-555-0175;1
1933;686-555-0180;1
1935;526-555-0155;1
1937;1 (11) 500 555-0179;1
1939;277-555-0182;1
1941;695-555-0128;1
1943;767-555-0193;3
1945;184-555-0187;3
1947;612-555-0149;3
1949;1 (11) 500 555-0189;1
1951;481-555-0131;3
1953;162-555-0138;3
1955;103-555-0179;1
1957;1 (11) 500 555-0156;3
1959;1 (11) 500 555-0110;3
1961;1 (11) 500 555-0175;1
1963;1 (11) 500 555-0140;3
1965;684-555-0134;3
1967;918-555-0141;1
1969;265-555-0143;3
1971;680-555-0160;1
1973;1 (11) 500 555-0158;1
1975;371-555-0184;1
1977;112-555-0176;3
1979;810-555-0160;1
1981;490-555-0132;3
1983;1 (11) 500 555-0195;3
1985;1 (11) 500 555-0116;1
1987;155-555-0140;1
1989;433-555-0168;3
1991;560-555-0171;1
1993;695-555-0158;1
1995;811-555-0100;3
1996;129-555-0100;3
1997;330-555-0100;3
1998;914-555-0100;3
1999;874-555-0100;1
2000;579-555-0100;1
2001;809-555-0100;1
2002;128-555-0100;1
2003;987-555-0100;1
2004;282-555-0100;3
2005;155-555-0100;1
2006;195-555-0100;3
2007;748-555-0100;3
2008;961-555-0100;3
2009;325-555-0100;1
2010;127-555-0100;3
2011;858-555-0100;3
2012;441-555-0100;3
2013;165-555-0100;3
2014;859-555-0100;3
2015;469-555-0100;3
2016;903-555-0100;1
2017;794-555-0100;1
2018;368-555-0100;1
2019;241-555-0100;3
2020;131-555-0100;1
2021;321-555-0100;1
2022;458-555-0100;1
2023;758-555-0100;1
2024;116-555-0100;1
2025;897-555-0100;3
2026;974-555-0100;3
2027;317-555-0100;1
2028;779-555-0100;3
2029;420-555-0100;3
2030;823-555-0100;1
2031;305-555-0100;1
2032;446-555-0100;3
2033;477-555-0100;1
2034;977-555-0100;3
2035;176-555-0100;1
2036;464-555-0100;1
2037;682-555-0100;3
2038;677-555-0100;1
2039;327-555-0100;3
2040;218-555-0100;3
2041;206-555-0100;1
2042;803-555-0100;3
2043;376-555-0100;1
2044;550-555-0100;1
2045;813-555-0100;1
2046;302-555-0100;3
2047;893-555-0100;3
2048;751-555-0100;1
2049;239-555-0100;3
2050;842-555-0125;3
2052;757-555-0100;3
2053;890-555-0100;1
2054;459-555-0100;1
2055;301-555-0100;1
2056;305-555-0100;1
2057;208-555-0100;3
2058;873-555-0100;3
2059;384-555-0100;3
2060;387-555-0100;1
2061;530-555-0100;1
2062;196-555-0100;3
2063;232-555-0100;3
2064;306-555-0100;3
2065;206-555-0100;1
2066;194-555-0100;3
2067;953-555-0100;1
2068;221-555-0100;3
2069;683-555-0100;1
2070;549-555-0100;1
2071;152-555-0100;1
2072;113-555-0100;3
2073;870-555-0100;3
2074;845-555-0100;1
2075;518-555-0100;1
2076;110-555-0100;3
2077;762-555-0100;1
2078;314-555-0100;3
2079;240-555-0100;1
2080;816-555-0100;3
2081;889-555-0100;3
2082;143-555-0100;1
2083;398-555-0100;3
2084;183-555-0100;3
2085;194-555-0100;1
2086;516-555-0100;1
2087;175-555-0100;3
2088;611-555-0100;3
2089;542-555-0100;1
2090;55-2555-0100;3
2091;586-555-0100;1
2092;249-555-0100;1
2093;766-555-0100;3
2094;870-555-0100;1
2095;474-555-0100;1
2096;339-555-0100;3
2097;565-555-0100;1
2098;171-555-0100;3
2099;214-555-0100;1
2100;203-555-0100;3
2101;996-555-0100;1
2102;791-555-0100;1
2103;455-555-0100;3
2104;129-555-0100;1
2105;593-555-0100;1
2106;534-555-0100;3
2107;232-555-0100;3
2108;142-555-0100;1
2109;937-555-0100;1
2110;165-555-0100;1
2111;953-555-0100;3
2112;607-555-0100;1
2113;759-555-0100;3
2114;151-555-0100;1
2115;612-555-0100;1
2116;399-555-0100;1
2117;115-555-0100;1
2118;222-555-0100;3
2119;991-555-0100;3
2120;442-555-0100;3
2121;186-555-0100;3
2122;129-555-0100;1
2123;424-555-0100;1
2124;892-555-0100;3
2125;535-555-0100;3
2126;536-555-0100;3
2127;360-555-0100;1
2128;853-555-0100;1
2129;882-555-0100;3
2130;152-555-0100;1
2131;124-555-0100;3
2132;839-555-0100;1
2133;571-555-0100;3
2134;884-555-0100;3
2135;123-555-0100;1
2136;197-555-0100;3
2137;270-555-0100;1
2138;811-555-0100;3
2139;839-555-0100;3
2140;931-555-0100;3
2141;847-555-0100;3
2142;444-555-0100;3
2143;563-555-0100;3
2144;905-555-0100;1
2145;672-555-0100;3
2146;448-555-0100;1
2147;913-555-0100;3
2148;644-555-0100;1
2149;576-555-0100;1
2150;138-555-0100;1
2151;110-555-0100;3
2152;560-555-0100;1
2153;904-555-0100;1
2154;867-555-0100;1
2155;484-555-0100;3
2156;757-555-0100;3
2157;113-555-0100;3
2158;616-555-0100;1
2159;924-555-0100;1
2160;565-555-0100;1
2161;450-555-0100;3
2162;996-555-0100;3
2163;199-555-0100;1
2164;463-555-0100;3
2165;487-555-0100;1
2166;873-555-0100;1
2167;612-555-0100;1
2168;564-555-0100;3
2169;190-555-0100;1
2170;919-555-0100;3
2171;606-555-0100;1
2172;125-555-0100;3
2173;647-555-0100;1
2174;548-555-0100;1
2175;584-555-0100;1
2176;810-939-7555;1
2177;276-555-0100;3
2178;329-555-0100;1
2179;109-555-0100;3
2180;130-555-0100;3
2181;688-555-0100;1
2182;298-555-0100;3
2183;463-555-0100;1
2184;660-555-0100;3
2185;174-555-0100;3
2186;760-555-0100;1
2187;892-555-0100;1
2188;133-555-0100;3
2189;481-555-0100;3
2190;122-555-0100;1
2191;417-555-0100;3
2192;368-555-0100;1
2193;244-555-0100;1
2194;595-555-0100;1
2195;439-555-0100;3
2196;296-555-0100;3
2197;451-555-0100;3
2198;472-555-0100;1
2199;691-555-0100;3
2200;963-555-0100;3
2201;416-555-0100;3
2202;247-555-0100;1
2203;191-555-0100;1
2204;552-555-0100;1
2205;620-555-0100;1
2206;710-555-0100;1
2207;362-555-0100;3
2208;566-555-0100;1
2209;125-555-0100;3
2210;723-555-0100;3
2211;773-555-0100;1
2212;191-555-0100;1
2213;202-555-0100;1
2214;331-555-0100;3
2215;917-555-0100;1
2216;760-555-0100;1
2217;484-555-0100;1
2218;174-555-0100;1
2219;224-555-0100;1
2220;390-555-0100;1
2221;970-555-0100;1
2222;273-555-0100;3
2223;444-555-0100;3
2224;190-555-0100;3
2225;177-555-0100;3
2226;591-555-0100;3
2227;609-555-0100;1
2228;433-555-0100;1
2229;196-555-0100;1
2230;139-555-0100;1
2231;471-555-0100;1
2232;786-555-0100;3
2233;595-555-0100;3
2234;762-555-0100;1
2235;709-555-0100;3
2236;697-555-0100;3
2237;888-555-0100;1
2238;954-555-0100;3
2239;417-555-0100;3
2240;580-555-0100;1
2241;197-555-0100;1
2242;971-555-0100;3
2243;447-555-0100;3
2244;343-555-0100;1
2245;639-555-0100;3
2246;296-555-0100;1
2247;613-555-0100;3
2248;878-555-0100;3
2249;885-555-0100;3
2250;815-555-0100;3
2251;845-555-0100;3
2252;117-555-0100;1
2253;557-555-0100;3
2254;183-555-0100;1
2255;375-555-0100;3
2256;522-555-0100;1
2257;861-555-0100;1
2258;729-555-0100;3
2259;188-555-0100;3
2260;946-555-0100;1
2261;898-555-0100;1
2262;285-555-0100;3
2263;609-555-0100;1
2264;653-555-0100;1
2265;116-555-0100;1
2266;779-443-5553;3
2267;981-555-0100;1
2268;838-555-0100;1
2269;579-555-0100;3
2270;101-555-0100;1
2271;478-555-0100;3
2272;908-555-0100;3
2273;835-555-0100;3
2274;593-555-0100;3
2275;870-555-0100;3
2276;581-555-0100;1
2277;170-555-0100;1
2278;147-555-0100;3
2279;364-555-0100;3
2280;274-555-0100;1
2281;146-555-0100;1
2282;125-555-0100;1
2283;477-555-0100;3
2284;135-555-0100;1
2285;388-555-0100;3
2286;500-555-0100;1
2287;637-555-0100;3
2288;548-555-0100;1
2289;244-555-0100;1
2290;279-555-0100;3
2291;314-555-0100;3
2292;121-555-0100;1
2293;241-555-0100;1
2294;230-555-0100;1
2295;119-555-0100;1
2296;507-555-0100;3
2297;394-555-0100;3
2298;982-555-0100;1
2299;710-555-0100;3
2300;263-555-0100;1
2301;406-555-0100;3
2302;602-555-0100;3
2303;306-555-0100;1
2304;757-555-0100;1
2305;714-555-0100;1
2306;160-555-0100;1
2307;433-555-0100;1
2308;536-555-0100;1
2309;116-555-0100;3
2310;775-555-0100;1
2311;154-555-0100;1
2312;915-555-0100;1
2313;997-555-0100;3
2314;736-555-0100;1
2315;518-555-0100;1
2316;584-555-0100;3
2317;639-555-0100;3
2318;149-555-0100;3
2319;162-555-0100;3
2320;928-555-0100;1
2321;675-555-0100;3
2322;644-555-0100;1
2323;113-555-0100;3
2324;193-555-0100;1
2325;102-555-0100;3
2326;133-555-0100;1
2327;583-555-0100;1
2328;989-555-0100;3
2329;699-555-0100;1
2330;971-555-0100;1
2331;828-555-0100;3
2332;850-555-0100;3
2333;188-555-0100;3
2334;884-555-0100;1
2335;469-555-0100;1
2336;116-555-0100;3
2337;412-555-0100;1
2338;561-555-0100;3
2339;148-555-0100;1
2340;728-555-0100;3
2341;157-555-0100;3
2342;324-555-0100;3
2343;905-555-0100;3
2344;351-555-0100;1
2345;147-555-0100;1
2346;827-555-0100;3
2347;508-555-0100;3
2348;124-555-0100;3
2349;898-555-0100;1
2350;294-555-0100;3
2351;512-555-0100;3
2352;116-555-0100;3
2353;141-555-0100;3
2354;348-555-0100;3
2355;862-555-0100;3
2356;870-555-0100;3
2357;567-555-0100;3
2358;963-555-0100;3
2359;547-555-0100;1
2360;709-555-0100;3
2361;794-555-0100;3
2362;380-555-0100;3
2363;130-555-0100;3
2364;786-555-0100;3
2365;840-555-0100;3
2366;188-555-0100;1
2367;334-555-0100;1
2368;993-555-0100;1
2369;932-555-0100;3
2370;891-555-0100;3
2371;133-555-0100;1
2372;310-555-0100;1
2373;933-555-0100;1
2374;460-555-0100;1
2375;313-555-0100;1
2376;120-555-0100;1
2377;164-555-0100;1
2378;804-555-0100;3
2379;206-555-0100;3
2380;1 (11) 500 555-0118;1
2381;1 (11) 500 555-0165;2
2382;499-555-0116;2
2383;1 (11) 500 555-0189;1
2384;1 (11) 500 555-0184;2
2385;1 (11) 500 555-0149;1
2386;1 (11) 500 555-0134;2
2387;1 (11) 500 555-0166;1
2388;1 (11) 500 555-0145;1
2389;121-555-0179;2
2390;1 (11) 500 555-0129;2
2391;1 (11) 500 555-0188;2
2392;1 (11) 500 555-0187;1
2393;1 (11) 500 555-0151;1
2394;1 (11) 500 555-0170;2
2395;1 (11) 500 555-0196;2
2396;1 (11) 500 555-0198;2
2397;377-555-0164;2
2398;1 (11) 500 555-0170;1
2399;125-555-0175;2
2400;1 (11) 500 555-0197;1
2401;1 (11) 500 555-0148;1
2402;1 (11) 500 555-0165;1
2403;1 (11) 500 555-0185;1
2404;1 (11) 500 555-0176;1
2405;723-555-0141;2
2406;239-555-0137;2
2407;1 (11) 500 555-0129;1
2408;905-555-0117;1
2409;1 (11) 500 555-0110;1
2410;402-555-0192;2
2411;1 (11) 500 555-0163;1
2412;182-555-0156;2
2413;1 (11) 500 555-0152;1
2414;438-555-0150;1
2415;1 (11) 500 555-0130;2
2416;1 (11) 500 555-0143;1
2417;1 (11) 500 555-0189;1
2418;153-555-0188;1
2419;986-555-0135;1
2420;1 (11) 500 555-0168;2
2421;1 (11) 500 555-0127;1
2422;1 (11) 500 555-0136;1
2423;1 (11) 500 555-0153;2
2424;1 (11) 500 555-0112;1
2425;432-555-0153;2
2426;1 (11) 500 555-0196;2
2427;1 (11) 500 555-0114;2
2428;1 (11) 500 555-0111;2
2429;1 (11) 500 555-0175;1
2430;1 (11) 500 555-0166;2
2431;1 (11) 500 555-0160;1
2432;644-555-0144;1
2433;1 (11) 500 555-0133;1
2434;1 (11) 500 555-0198;2
2435;1 (11) 500 555-0164;1
2436;1 (11) 500 555-0125;2
2437;1 (11) 500 555-0179;1
2438;238-555-0175;1
2439;1 (11) 500 555-0134;2
2440;1 (11) 500 555-0112;2
2441;1 (11) 500 555-0188;1
2442;1 (11) 500 555-0176;2
2443;1 (11) 500 555-0124;1
2444;410-555-0145;1
2445;1 (11) 500 555-0143;1
2446;1 (11) 500 555-0150;2
2447;1 (11) 500 555-0152;1
2448;1 (11) 500 555-0169;2
2449;1 (11) 500 555-0165;2
2450;1 (11) 500 555-0177;2
2451;1 (11) 500 555-0111;2
2452;527-555-0196;2
2453;1 (11) 500 555-0129;2
2454;1 (11) 500 555-0117;2
2455;1 (11) 500 555-0115;2
2456;1 (11) 500 555-0187;2
2457;933-555-0122;1
2458;1 (11) 500 555-0142;2
2459;1 (11) 500 555-0141;1
2460;138-555-0111;1
2461;421-555-0139;2
2462;1 (11) 500 555-0135;2
2463;200-555-0168;2
2464;471-555-0148;2
2465;499-555-0176;2
2466;1 (11) 500 555-0118;1
2467;1 (11) 500 555-0110;2
2468;1 (11) 500 555-0169;2
2469;664-555-0191;1
2470;461-555-0127;1
2471;1 (11) 500 555-0132;2
2472;1 (11) 500 555-0147;1
2473;1 (11) 500 555-0158;1
2474;1 (11) 500 555-0111;2
2475;1 (11) 500 555-0112;1
2476;1 (11) 500 555-0138;1
2477;618-555-0157;1
2478;1 (11) 500 555-0129;2
2479;1 (11) 500 555-0174;2
2480;1 (11) 500 555-0177;2
2481;1 (11) 500 555-0175;1
2482;981-555-0111;1
2483;1 (11) 500 555-0169;2
2484;1 (11) 500 555-0154;2
2485;1 (11) 500 555-0146;1
2486;1 (11) 500 555-0137;1
2487;1 (11) 500 555-0157;1
2488;1 (11) 500 555-0110;1
2489;1 (11) 500 555-0149;2
2490;1 (11) 500 555-0133;1
2491;1 (11) 500 555-0122;1
2492;1 (11) 500 555-0117;1
2493;1 (11) 500 555-0174;2
2494;1 (11) 500 555-0122;2
2495;1 (11) 500 555-0169;2
2496;1 (11) 500 555-0163;2
2497;1 (11) 500 555-0146;1
2498;1 (11) 500 555-0120;1
2499;1 (11) 500 555-0186;1
2500;1 (11) 500 555-0113;1
2501;136-555-0125;1
2502;952-555-0130;1
2503;341-555-0183;2
2504;1 (11) 500 555-0194;1
2505;1 (11) 500 555-0126;1
2506;1 (11) 500 555-0118;1
2507;1 (11) 500 555-0146;2
2508;1 (11) 500 555-0147;1
2509;175-555-0145;1
2510;1 (11) 500 555-0110;2
2511;1 (11) 500 555-0144;2
2512;368-555-0152;2
2513;942-555-0170;1
2514;1 (11) 500 555-0188;1
2515;865-555-0193;2
2516;1 (11) 500 555-0129;2
2517;1 (11) 500 555-0112;2
2518;1 (11) 500 555-0143;1
2519;752-555-0172;2
2520;919-555-0171;1
2521;1 (11) 500 555-0195;2
2522;1 (11) 500 555-0177;1
2523;1 (11) 500 555-0154;1
2524;1 (11) 500 555-0119;1
2525;757-555-0175;1
2526;1 (11) 500 555-0119;1
2527;1 (11) 500 555-0134;1
2528;458-555-0116;1
2529;1 (11) 500 555-0113;2
2530;1 (11) 500 555-0155;2
2531;1 (11) 500 555-0119;1
2532;111-555-0122;2
2533;1 (11) 500 555-0193;1
2534;1 (11) 500 555-0116;2
2535;1 (11) 500 555-0159;2
2536;1 (11) 500 555-0193;1
2537;1 (11) 500 555-0130;2
2538;1 (11) 500 555-0147;1
2539;1 (11) 500 555-0183;2
2540;521-555-0167;2
2541;784-555-0116;1
2542;1 (11) 500 555-0159;1
2543;362-555-0132;1
2544;1 (11) 500 555-0172;2
2545;1 (11) 500 555-0195;1
2546;1 (11) 500 555-0170;2
2547;1 (11) 500 555-0180;1
2548;1 (11) 500 555-0163;1
2549;116-555-0158;1
2550;1 (11) 500 555-0159;1
2551;779-555-0113;1
2552;1 (11) 500 555-0168;2
2553;1 (11) 500 555-0110;2
2554;1 (11) 500 555-0188;1
2555;433-555-0138;1
2556;1 (11) 500 555-0179;1
2557;1 (11) 500 555-0192;1
2558;1 (11) 500 555-0169;1
2559;1 (11) 500 555-0180;1
2560;1 (11) 500 555-0119;2
2561;248-555-0133;1
2562;1 (11) 500 555-0113;2
2563;1 (11) 500 555-0163;1
2564;1 (11) 500 555-0162;2
2565;1 (11) 500 555-0153;2
2566;703-555-0184;1
2567;1 (11) 500 555-0180;1
2568;352-555-0145;1
2569;1 (11) 500 555-0196;2
2570;1 (11) 500 555-0166;1
2571;1 (11) 500 555-0158;2
2572;1 (11) 500 555-0193;1
2573;107-555-0110;1
2574;1 (11) 500 555-0190;2
2575;1 (11) 500 555-0129;2
2576;1 (11) 500 555-0114;2
2577;113-555-0199;1
2578;1 (11) 500 555-0196;1
2579;1 (11) 500 555-0135;2
2580;1 (11) 500 555-0177;1
2581;560-555-0183;2
2582;1 (11) 500 555-0161;2
2583;1 (11) 500 555-0160;2
2584;1 (11) 500 555-0152;2
2585;1 (11) 500 555-0180;1
2586;167-555-0126;1
2587;1 (11) 500 555-0188;2
2588;460-555-0110;1
2589;1 (11) 500 555-0142;1
2590;1 (11) 500 555-0146;2
2591;1 (11) 500 555-0149;1
2592;1 (11) 500 555-0166;1
2593;1 (11) 500 555-0143;1
2594;1 (11) 500 555-0118;2
2595;454-555-0118;2
2596;289-555-0111;2
2597;1 (11) 500 555-0153;2
2598;1 (11) 500 555-0191;1
2599;1 (11) 500 555-0112;1
2600;465-555-0134;2
2601;424-555-0125;2
2602;1 (11) 500 555-0152;2
2603;1 (11) 500 555-0173;2
2604;1 (11) 500 555-0154;2
2605;1 (11) 500 555-0185;1
2606;882-555-0118;1
2607;870-555-0120;1
2608;1 (11) 500 555-0153;2
2609;1 (11) 500 555-0124;1
2610;1 (11) 500 555-0150;2
2611;1 (11) 500 555-0178;2
2612;1 (11) 500 555-0162;2
2613;1 (11) 500 555-0150;1
2614;1 (11) 500 555-0153;1
2615;1 (11) 500 555-0121;2
2616;1 (11) 500 555-0120;1
2617;1 (11) 500 555-0180;2
2618;1 (11) 500 555-0185;2
2619;1 (11) 500 555-0193;1
2620;1 (11) 500 555-0116;1
2621;1 (11) 500 555-0110;2
2622;744-555-0141;1
2623;155-555-0111;1
2624;1 (11) 500 555-0187;1
2625;1 (11) 500 555-0110;1
2626;302-555-0184;2
2627;1 (11) 500 555-0116;1
2628;1 (11) 500 555-0149;2
2629;1 (11) 500 555-0120;1
2630;1 (11) 500 555-0113;2
2631;1 (11) 500 555-0127;1
2632;721-555-0116;2
2633;1 (11) 500 555-0188;1
2634;1 (11) 500 555-0191;1
2635;1 (11) 500 555-0116;2
2636;1 (11) 500 555-0126;2
2637;1 (11) 500 555-0164;1
2638;1 (11) 500 555-0168;2
2639;1 (11) 500 555-0178;1
2640;1 (11) 500 555-0141;1
2641;1 (11) 500 555-0116;2
2642;1 (11) 500 555-0199;2
2643;1 (11) 500 555-0150;2
2644;1 (11) 500 555-0143;2
2645;1 (11) 500 555-0167;2
2646;1 (11) 500 555-0137;1
2647;1 (11) 500 555-0187;2
2648;1 (11) 500 555-0193;2
2649;1 (11) 500 555-0131;1
2650;1 (11) 500 555-0146;2
2651;799-555-0198;1
2652;1 (11) 500 555-0120;2
2653;1 (11) 500 555-0125;2
2654;1 (11) 500 555-0192;2
2655;1 (11) 500 555-0115;1
2656;197-555-0118;2
2657;1 (11) 500 555-0183;2
2658;973-555-0151;2
2659;1 (11) 500 555-0158;2
2660;502-555-0169;2
2661;168-555-0190;2
2662;354-555-0161;2
2663;1 (11) 500 555-0132;1
2664;1 (11) 500 555-0125;1
2665;1 (11) 500 555-0142;1
2666;175-555-0153;1
2667;994-555-0112;1
2668;1 (11) 500 555-0111;1
2669;1 (11) 500 555-0193;1
2670;1 (11) 500 555-0126;2
2671;1 (11) 500 555-0161;2
2672;1 (11) 500 555-0140;2
2673;1 (11) 500 555-0183;2
2674;1 (11) 500 555-0199;1
2675;865-555-0197;2
2676;1 (11) 500 555-0177;2
2677;1 (11) 500 555-0155;1
2678;1 (11) 500 555-0158;1
2679;1 (11) 500 555-0124;1
2680;858-555-0150;2
2681;1 (11) 500 555-0121;2
2682;1 (11) 500 555-0111;1
2683;479-555-0144;1
2684;1 (11) 500 555-0155;2
2685;350-555-0163;2
2686;833-555-0176;2
2687;1 (11) 500 555-0182;2
2688;468-555-0193;1
2689;1 (11) 500 555-0168;2
2690;1 (11) 500 555-0184;1
2691;370-555-0126;1
2692;238-555-0116;2
2693;1 (11) 500 555-0130;1
2694;183-555-0122;1
2695;1 (11) 500 555-0117;1
2696;170-555-0110;2
2697;1 (11) 500 555-0196;2
2698;806-555-0112;1
2699;277-555-0173;1
2700;490-555-0137;2
2701;1 (11) 500 555-0112;1
2702;171-555-0176;2
2703;110-555-0176;2
2704;392-555-0168;1
2705;1 (11) 500 555-0156;2
2706;1 (11) 500 555-0128;1
2707;1 (11) 500 555-0152;2
2708;739-555-0114;2
2709;741-555-0123;1
2710;1 (11) 500 555-0114;2
2711;191-555-0178;1
2712;344-555-0196;1
2713;458-555-0116;1
2714;1 (11) 500 555-0117;2
2715;1 (11) 500 555-0148;1
2716;568-555-0151;2
2717;196-555-0196;1
2718;1 (11) 500 555-0149;2
2719;1 (11) 500 555-0120;2
2720;1 (11) 500 555-0116;2
2721;1 (11) 500 555-0144;1
2722;1 (11) 500 555-0167;1
2723;623-555-0149;2
2724;184-555-0116;1
2725;1 (11) 500 555-0112;2
2726;1 (11) 500 555-0111;1
2727;922-555-0148;1
2728;184-555-0115;1
2729;593-555-0122;2
2730;903-555-0191;2
2731;367-555-0172;1
2732;403-555-0151;2
2733;1 (11) 500 555-0139;1
2734;467-555-0158;2
2735;181-555-0143;2
2736;858-555-0113;1
2737;839-555-0114;2
2738;795-555-0160;1
2739;433-555-0124;1
2740;1 (11) 500 555-0116;1
2741;1 (11) 500 555-0115;2
2742;1 (11) 500 555-0195;2
2743;1 (11) 500 555-0150;1
2744;1 (11) 500 555-0149;2
2745;1 (11) 500 555-0170;2
2746;1 (11) 500 555-0177;2
2747;1 (11) 500 555-0152;1
2748;930-555-0153;2
2749;453-555-0172;1
2750;1 (11) 500 555-0118;2
2751;177-555-0155;1
2752;870-555-0114;2
2753;1 (11) 500 555-0183;2
2754;1 (11) 500 555-0117;1
2755;1 (11) 500 555-0129;1
2756;1 (11) 500 555-0132;2
2757;193-555-0158;1
2758;904-555-0115;1
2759;125-555-0117;1
2760;701-555-0143;2
2761;821-555-0116;1
2762;1 (11) 500 555-0155;2
2763;747-555-0149;1
2764;772-555-0133;1
2765;1 (11) 500 555-0114;2
2766;808-555-0111;2
2767;987-555-0181;1
2768;1 (11) 500 555-0143;2
2769;160-555-0167;2
2770;1 (11) 500 555-0172;2
2771;1 (11) 500 555-0129;1
2772;243-555-0161;1
2773;488-555-0143;1
2774;1 (11) 500 555-0137;1
2775;383-555-0192;1
2776;159-555-0117;2
2777;988-555-0136;2
2778;1 (11) 500 555-0191;2
2779;152-555-0147;1
2780;512-555-0160;1
2781;1 (11) 500 555-0166;2
2782;649-555-0121;1
2783;1 (11) 500 555-0175;2
2784;656-555-0121;1
2785;1 (11) 500 555-0142;2
2786;530-555-0166;1
2787;862-555-0162;2
2788;1 (11) 500 555-0117;2
2789;1 (11) 500 555-0134;1
2790;466-555-0112;2
2791;1 (11) 500 555-0166;1
2792;998-555-0187;1
2793;932-555-0172;2
2794;942-555-0159;1
2795;1 (11) 500 555-0117;1
2796;1 (11) 500 555-0126;1
2797;656-555-0199;1
2798;1 (11) 500 555-0113;1
2799;794-555-0196;1
2800;342-555-0110;1
2801;574-555-0184;1
2802;484-555-0190;2
2803;944-555-0172;1
2804;1 (11) 500 555-0131;2
2805;621-555-0199;1
2806;664-555-0121;1
2807;1 (11) 500 555-0170;2
2808;439-555-0168;2
2809;528-555-0141;1
2810;1 (11) 500 555-0189;2
2811;1 (11) 500 555-0143;1
2812;1 (11) 500 555-0166;1
2813;321-555-0162;1
2814;1 (11) 500 555-0173;1
2815;1 (11) 500 555-0188;1
2816;314-555-0177;2
2817;278-555-0183;2
2818;1 (11) 500 555-0168;1
2819;1 (11) 500 555-0139;2
2820;1 (11) 500 555-0119;2
2821;378-555-0171;2
2822;1 (11) 500 555-0135;2
2823;588-555-0133;2
2824;1 (11) 500 555-0125;2
2825;780-555-0185;2
2826;1 (11) 500 555-0164;1
2827;218-555-0114;1
2828;277-555-0156;1
2829;1 (11) 500 555-0158;1
2830;166-555-0111;2
2831;817-555-0114;1
2832;1 (11) 500 555-0198;2
2833;1 (11) 500 555-0114;2
2834;507-555-0112;1
2835;958-555-0163;2
2836;1 (11) 500 555-0188;1
2837;117-555-0193;1
2838;1 (11) 500 555-0124;1
2839;1 (11) 500 555-0157;2
2840;1 (11) 500 555-0121;1
2841;187-555-0175;2
2842;180-555-0186;1
2843;1 (11) 500 555-0180;1
2844;1 (11) 500 555-0181;1
2845;1 (11) 500 555-0183;2
2846;774-555-0122;2
2847;1 (11) 500 555-0139;2
2848;880-555-0151;1
2849;141-555-0150;1
2850;848-555-0191;2
2851;1 (11) 500 555-0154;1
2852;273-555-0161;1
2853;618-555-0128;1
2854;1 (11) 500 555-0171;1
2855;641-555-0112;1
2856;848-555-0130;2
2857;1 (11) 500 555-0131;2
2858;637-555-0114;2
2859;141-555-0169;2
2860;928-555-0156;1
2861;144-555-0165;2
2862;990-555-0115;1
2863;484-555-0136;1
2864;290-555-0125;1
2865;1 (11) 500 555-0163;2
2866;383-555-0136;1
2867;162-555-0173;2
2868;431-555-0156;1
2869;1 (11) 500 555-0141;2
2870;616-555-0166;2
2871;1 (11) 500 555-0118;1
2872;1 (11) 500 555-0118;1
2873;219-555-0146;2
2874;1 (11) 500 555-0185;1
2875;699-555-0122;1
2876;1 (11) 500 555-0124;1
2877;1 (11) 500 555-0152;1
2878;115-555-0119;1
2879;334-555-0156;2
2880;1 (11) 500 555-0144;1
2881;1 (11) 500 555-0179;1
2882;1 (11) 500 555-0169;2
2883;122-555-0119;2
2884;287-555-0110;1
2885;1 (11) 500 555-0118;2
2886;121-555-0110;2
2887;1 (11) 500 555-0125;1
2888;1 (11) 500 555-0119;1
2889;621-555-0147;2
2890;1 (11) 500 555-0116;2
2891;1 (11) 500 555-0159;1
2892;771-555-0180;2
2893;1 (11) 500 555-0132;2
2894;1 (11) 500 555-0198;1
2895;1 (11) 500 555-0180;2
2896;714-555-0190;1
2897;712-555-0120;2
2898;871-555-0179;2
2899;104-555-0162;2
2900;1 (11) 500 555-0128;1
2901;1 (11) 500 555-0144;1
2902;1 (11) 500 555-0164;2
2903;1 (11) 500 555-0156;2
2904;1 (11) 500 555-0171;1
2905;666-555-0119;1
2906;841-555-0132;1
2907;1 (11) 500 555-0170;1
2908;1 (11) 500 555-0171;1
2909;162-555-0124;1
2910;1 (11) 500 555-0149;2
2911;231-555-0156;2
2912;1 (11) 500 555-0119;2
2913;1 (11) 500 555-0171;2
2914;713-555-0114;1
2915;515-555-0120;1
2916;1 (11) 500 555-0136;2
2917;1 (11) 500 555-0154;2
2918;1 (11) 500 555-0141;1
2919;869-555-0170;2
2920;1 (11) 500 555-0151;2
2921;1 (11) 500 555-0170;1
2922;211-555-0111;1
2923;472-555-0123;2
2924;884-555-0184;1
2925;1 (11) 500 555-0158;2
2926;1 (11) 500 555-0147;2
2927;1 (11) 500 555-0193;2
2928;1 (11) 500 555-0188;1
2929;1 (11) 500 555-0113;2
2930;366-555-0111;1
2931;1 (11) 500 555-0174;2
2932;273-555-0114;1
2933;553-555-0199;2
2934;137-555-0187;2
2935;1 (11) 500 555-0162;1
2936;939-555-0192;1
2937;452-555-0116;1
2938;649-555-0191;2
2939;358-555-0171;1
2940;195-555-0129;2
2941;853-555-0161;1
2942;1 (11) 500 555-0122;1
2943;1 (11) 500 555-0151;1
2944;326-555-0144;2
2945;1 (11) 500 555-0125;2
2946;559-555-0188;1
2947;942-555-0165;2
2948;175-555-0161;1
2949;241-555-0125;1
2950;739-555-0110;2
2951;217-555-0118;2
2952;1 (11) 500 555-0113;2
2953;1 (11) 500 555-0185;1
2954;1 (11) 500 555-0115;2
2955;946-555-0151;1
2956;1 (11) 500 555-0173;2
2957;1 (11) 500 555-0193;1
2958;120-555-0165;1
2959;204-555-0163;1
2960;557-555-0134;1
2961;428-555-0132;1
2962;1 (11) 500 555-0177;1
2963;1 (11) 500 555-0125;2
2964;1 (11) 500 555-0138;2
2965;1 (11) 500 555-0161;1
2966;855-555-0146;1
2967;1 (11) 500 555-0122;1
2968;718-555-0170;1
2969;1 (11) 500 555-0145;1
2970;670-555-0187;2
2971;858-555-0114;2
2972;1 (11) 500 555-0148;2
2973;601-555-0119;2
2974;1 (11) 500 555-0131;1
2975;1 (11) 500 555-0140;1
2976;186-555-0182;1
2977;1 (11) 500 555-0182;1
2978;518-555-0132;2
2979;554-555-0116;1
2980;1 (11) 500 555-0145;1
2981;1 (11) 500 555-0189;2
2982;802-555-0135;1
2983;738-555-0129;1
2984;638-555-0187;2
2985;758-555-0143;2
2986;816-555-0118;2
2987;567-555-0166;1
2988;147-555-0124;2
2989;187-555-0156;1
2990;1 (11) 500 555-0198;2
2991;1 (11) 500 555-0189;1
2992;498-555-0189;2
2993;1 (11) 500 555-0117;1
2994;965-555-0154;1
2995;1 (11) 500 555-0188;1
2996;252-555-0177;1
2997;740-555-0139;1
2998;1 (11) 500 555-0152;1
2999;240-555-0134;1
3000;241-555-0141;2
3001;716-555-0187;1
3002;1 (11) 500 555-0160;2
3003;918-555-0126;2
3004;424-555-0137;2
3005;897-555-0178;2
3006;899-555-0199;2
3007;827-555-0145;1
3008;724-555-0144;2
3009;152-555-0195;1
3010;736-555-0119;2
3011;159-555-0111;1
3012;673-555-0124;1
3013;802-555-0126;1
3014;361-555-0183;2
3015;486-555-0148;1
3016;281-555-0144;2
3017;1 (11) 500 555-0152;2
3018;132-555-0148;2
3019;287-555-0113;1
3020;1 (11) 500 555-0113;2
3021;231-555-0134;1
3022;1 (11) 500 555-0117;1
3023;755-555-0117;2
3024;419-555-0113;2
3025;380-555-0151;1
3026;259-555-0114;2
3027;1 (11) 500 555-0185;2
3028;1 (11) 500 555-0174;2
3029;1 (11) 500 555-0184;1
3030;216-555-0121;2
3031;1 (11) 500 555-0148;2
3032;442-555-0182;2
3033;185-555-0119;1
3034;1 (11) 500 555-0178;2
3035;1 (11) 500 555-0139;1
3036;1 (11) 500 555-0194;1
3037;553-555-0122;1
3038;1 (11) 500 555-0150;2
3039;328-555-0124;2
3040;1 (11) 500 555-0117;2
3041;184-555-0159;2
3042;1 (11) 500 555-0182;2
3043;1 (11) 500 555-0125;1
3044;1 (11) 500 555-0185;2
3045;409-555-0141;1
3046;1 (11) 500 555-0129;2
3047;957-555-0113;2
3048;1 (11) 500 555-0124;1
3049;238-555-0168;2
3050;1 (11) 500 555-0186;1
3051;920-555-0197;2
3052;501-555-0194;2
3053;1 (11) 500 555-0161;2
3054;505-555-0159;2
3055;270-555-0140;1
3056;628-555-0156;2
3057;234-555-0189;1
3058;1 (11) 500 555-0169;1
3059;486-555-0161;1
3060;1 (11) 500 555-0112;2
3061;498-555-0118;2
3062;1 (11) 500 555-0111;1
3063;931-555-0154;2
3064;1 (11) 500 555-0180;1
3065;692-555-0112;1
3066;934-555-0160;1
3067;979-555-0161;2
3068;236-555-0147;1
3069;217-555-0124;2
3070;270-555-0169;1
3071;227-555-0110;2
3072;648-555-0134;1
3073;1 (11) 500 555-0193;2
3074;293-555-0151;1
3075;1 (11) 500 555-0147;1
3076;278-555-0183;2
3077;1 (11) 500 555-0142;2
3078;1 (11) 500 555-0112;1
3079;1 (11) 500 555-0143;2
3080;1 (11) 500 555-0114;1
3081;852-555-0119;1
3082;578-555-0111;2
3083;798-555-0198;2
3084;886-555-0125;2
3085;1 (11) 500 555-0145;1
3086;982-555-0151;1
3087;567-555-0176;1
3088;813-555-0173;2
3089;1 (11) 500 555-0193;1
3090;1 (11) 500 555-0130;1
3091;1 (11) 500 555-0184;1
3092;187-555-0139;1
3093;1 (11) 500 555-0134;1
3094;685-555-0141;1
3095;647-555-0182;1
3096;1 (11) 500 555-0141;1
3097;404-555-0112;2
3098;185-555-0119;2
3099;356-555-0193;1
3100;192-555-0173;2
3101;1 (11) 500 555-0153;2
3102;560-555-0193;1
3103;1 (11) 500 555-0137;2
3104;181-555-0198;2
3105;340-555-0163;2
3106;128-555-0175;1
3107;1 (11) 500 555-0180;2
3108;1 (11) 500 555-0116;1
3109;607-555-0187;1
3110;124-555-0115;2
3111;1 (11) 500 555-0176;1
3112;125-555-0161;1
3113;1 (11) 500 555-0187;2
3114;1 (11) 500 555-0131;2
3115;1 (11) 500 555-0147;2
3116;111-555-0141;1
3117;1 (11) 500 555-0117;2
3118;509-555-0169;2
3119;155-555-0120;1
3120;507-555-0193;1
3121;452-555-0184;1
3122;1 (11) 500 555-0171;2
3123;583-555-0119;2
3124;1 (11) 500 555-0143;1
3125;1 (11) 500 555-0116;1
3126;1 (11) 500 555-0159;1
3127;1 (11) 500 555-0122;2
3128;418-555-0180;2
3129;1 (11) 500 555-0188;1
3130;1 (11) 500 555-0114;1
3131;1 (11) 500 555-0196;2
3132;284-555-0125;2
3133;886-555-0126;2
3134;605-555-0110;2
3135;1 (11) 500 555-0119;1
3136;741-555-0155;2
3137;1 (11) 500 555-0119;1
3138;1 (11) 500 555-0125;1
3139;113-555-0175;1
3140;1 (11) 500 555-0153;1
3141;1 (11) 500 555-0116;2
3142;965-555-0178;2
3143;911-555-0122;2
3144;1 (11) 500 555-0153;2
3145;640-555-0133;1
3146;1 (11) 500 555-0182;2
3147;1 (11) 500 555-0150;2
3148;859-555-0122;2
3149;509-555-0143;1
3150;1 (11) 500 555-0191;1
3151;105-555-0170;2
3152;1 (11) 500 555-0126;1
3153;894-555-0112;2
3154;555-555-0125;1
3155;1 (11) 500 555-0132;1
3156;1 (11) 500 555-0182;2
3157;610-555-0178;2
3158;580-555-0133;1
3159;254-555-0126;2
3160;569-555-0124;1
3161;261-555-0118;1
3162;1 (11) 500 555-0195;2
3163;391-555-0176;1
3164;845-555-0127;1
3165;767-555-0151;2
3166;1 (11) 500 555-0117;1
3167;926-555-0159;1
3168;1 (11) 500 555-0123;2
3169;643-555-0126;1
3170;422-555-0111;2
3171;378-555-0188;1
3172;333-555-0115;1
3173;1 (11) 500 555-0164;1
3174;1 (11) 500 555-0173;2
3175;1 (11) 500 555-0116;2
3176;685-555-0184;2
3177;128-555-0112;1
3178;1 (11) 500 555-0167;1
3179;1 (11) 500 555-0116;1
3180;788-555-0196;1
3181;118-555-0175;2
3182;1 (11) 500 555-0153;1
3183;688-555-0181;1
3184;1 (11) 500 555-0120;1
3185;1 (11) 500 555-0114;2
3186;321-555-0174;1
3187;1 (11) 500 555-0176;2
3188;671-555-0191;2
3189;1 (11) 500 555-0129;1
3190;730-555-0181;2
3191;1 (11) 500 555-0189;1
3192;1 (11) 500 555-0170;1
3193;1 (11) 500 555-0127;1
3194;292-555-0140;1
3195;250-555-0118;2
3196;1 (11) 500 555-0188;2
3197;480-555-0126;1
3198;1 (11) 500 555-0190;1
3199;1 (11) 500 555-0161;2
3200;843-555-0191;2
3201;754-555-0183;2
3202;830-555-0157;2
3203;380-555-0191;1
3204;783-555-0174;2
3205;1 (11) 500 555-0167;2
3206;1 (11) 500 555-0170;1
3207;1 (11) 500 555-0113;1
3208;464-555-0117;2
3209;162-555-0192;2
3210;156-555-0195;2
3211;1 (11) 500 555-0126;2
3212;1 (11) 500 555-0191;2
3213;1 (11) 500 555-0182;2
3214;969-555-0112;2
3215;1 (11) 500 555-0116;2
3216;732-555-0156;2
3217;1 (11) 500 555-0184;1
3218;1 (11) 500 555-0184;1
3219;1 (11) 500 555-0117;2
3220;835-555-0168;2
3221;743-555-0161;1
3222;1 (11) 500 555-0190;2
3223;801-555-0117;1
3224;1 (11) 500 555-0168;2
3225;156-555-0163;2
3226;484-555-0164;1
3227;1 (11) 500 555-0164;2
3228;1 (11) 500 555-0111;1
3229;997-555-0135;1
3230;917-555-0110;2
3231;459-555-0122;1
3232;202-555-0115;2
3233;948-555-0124;1
3234;1 (11) 500 555-0161;2
3235;226-555-0149;1
3236;880-555-0163;2
3237;1 (11) 500 555-0134;1
3238;821-555-0165;2
3239;987-555-0181;1
3240;1 (11) 500 555-0176;1
3241;662-555-0113;1
3242;113-555-0142;1
3243;1 (11) 500 555-0165;2
3244;591-555-0116;2
3245;1 (11) 500 555-0158;2
3246;1 (11) 500 555-0117;1
3247;1 (11) 500 555-0132;1
3248;774-555-0124;2
3249;1 (11) 500 555-0118;1
3250;1 (11) 500 555-0188;1
3251;231-555-0159;1
3252;617-555-0184;1
3253;333-555-0179;2
3254;561-555-0118;1
3255;1 (11) 500 555-0114;1
3256;1 (11) 500 555-0164;1
3257;211-555-0113;2
3258;1 (11) 500 555-0188;1
3259;1 (11) 500 555-0151;2
3260;177-555-0199;2
3261;669-555-0171;1
3262;1 (11) 500 555-0118;2
3263;1 (11) 500 555-0191;2
3264;479-555-0163;2
3265;542-555-0175;2
3266;1 (11) 500 555-0139;2
3267;1 (11) 500 555-0115;1
3268;1 (11) 500 555-0121;1
3269;1 (11) 500 555-0161;1
3270;591-555-0153;1
3271;189-555-0198;2
3272;1 (11) 500 555-0112;1
3273;1 (11) 500 555-0113;2
3274;1 (11) 500 555-0175;1
3275;155-555-0116;1
3276;177-555-0119;1
3277;1 (11) 500 555-0133;2
3278;649-555-0177;2
3279;1 (11) 500 555-0118;2
3280;323-555-0119;1
3281;1 (11) 500 555-0187;2
3282;500-555-0195;1
3283;1 (11) 500 555-0148;2
3284;1 (11) 500 555-0195;1
3285;1 (11) 500 555-0113;2
3286;1 (11) 500 555-0139;1
3287;1 (11) 500 555-0113;1
3288;1 (11) 500 555-0153;1
3289;1 (11) 500 555-0197;1
3290;389-555-0178;1
3291;982-555-0153;2
3292;400-555-0178;2
3293;1 (11) 500 555-0134;1
3294;701-555-0131;1
3295;1 (11) 500 555-0118;2
3296;458-555-0132;1
3297;1 (11) 500 555-0143;1
3298;954-555-0118;1
3299;1 (11) 500 555-0159;1
3300;659-555-0128;1
3301;297-555-0143;2
3302;642-555-0110;1
3303;1 (11) 500 555-0195;2
3304;123-555-0110;1
3305;492-555-0117;2
3306;605-555-0165;2
3307;357-555-0151;1
3308;1 (11) 500 555-0167;1
3309;694-555-0126;2
3310;597-555-0121;1
3311;1 (11) 500 555-0194;1
3312;600-555-0158;2
3313;1 (11) 500 555-0143;1
3314;750-555-0147;1
3315;694-555-0129;1
3316;622-555-0128;1
3317;117-555-0139;1
3318;960-555-0132;2
3319;122-555-0129;1
3320;1 (11) 500 555-0170;1
3321;1 (11) 500 555-0125;2
3322;1 (11) 500 555-0185;1
3323;746-555-0185;2
3324;820-555-0158;1
3325;1 (11) 500 555-0194;1
3326;1 (11) 500 555-0157;2
3327;1 (11) 500 555-0175;1
3328;449-555-0139;2
3329;388-555-0121;2
3330;1 (11) 500 555-0192;1
3331;160-555-0188;1
3332;305-555-0199;2
3333;1 (11) 500 555-0180;2
3334;762-555-0152;2
3335;1 (11) 500 555-0123;1
3336;709-555-0164;1
3337;768-555-0128;1
3338;625-555-0151;2
3339;574-555-0150;1
3340;456-555-0174;2
3341;259-555-0129;2
3342;1 (11) 500 555-0115;2
3343;1 (11) 500 555-0160;1
3344;328-555-0139;1
3345;322-555-0185;2
3346;1 (11) 500 555-0160;1
3347;162-555-0165;2
3348;1 (11) 500 555-0157;2
3349;1 (11) 500 555-0169;2
3350;361-555-0188;2
3351;1 (11) 500 555-0122;1
3352;746-555-0115;1
3353;1 (11) 500 555-0135;2
3354;786-555-0184;2
3355;121-555-0120;2
3356;1 (11) 500 555-0188;2
3357;743-555-0153;2
3358;202-555-0116;1
3359;1 (11) 500 555-0189;1
3360;933-555-0158;2
3361;1 (11) 500 555-0176;2
3362;415-555-0197;2
3363;1 (11) 500 555-0167;2
3364;292-555-0186;2
3365;1 (11) 500 555-0172;2
3366;113-555-0174;2
3367;1 (11) 500 555-0114;1
3368;914-555-0114;2
3369;1 (11) 500 555-0116;2
3370;564-555-0130;1
3371;1 (11) 500 555-0184;2
3372;688-555-0130;1
3373;1 (11) 500 555-0114;1
3374;172-555-0197;1
3375;101-555-0190;2
3376;1 (11) 500 555-0133;2
3377;767-555-0139;2
3378;1 (11) 500 555-0188;2
3379;116-555-0121;1
3380;1 (11) 500 555-0187;1
3381;1 (11) 500 555-0121;1
3382;1 (11) 500 555-0164;1
3383;181-555-0119;2
3384;1 (11) 500 555-0161;1
3385;569-555-0170;2
3386;1 (11) 500 555-0179;2
3387;129-555-0131;2
3388;188-555-0123;1
3389;1 (11) 500 555-0120;1
3390;620-555-0129;2
3391;1 (11) 500 555-0116;2
3392;1 (11) 500 555-0116;2
3393;232-555-0117;1
3394;1 (11) 500 555-0115;1
3395;1 (11) 500 555-0155;1
3396;1 (11) 500 555-0113;1
3397;175-555-0194;1
3398;1 (11) 500 555-0119;2
3399;676-555-0155;1
3400;175-555-0136;2
3401;1 (11) 500 555-0134;2
3402;784-555-0113;2
3403;1 (11) 500 555-0179;1
3404;1 (11) 500 555-0171;2
3405;118-555-0143;2
3406;299-555-0126;2
3407;572-555-0195;1
3408;1 (11) 500 555-0111;1
3409;920-555-0199;2
3410;1 (11) 500 555-0126;2
3411;1 (11) 500 555-0190;2
3412;1 (11) 500 555-0147;2
3413;350-555-0153;1
3414;242-555-0176;1
3415;1 (11) 500 555-0114;2
3416;868-555-0128;1
3417;1 (11) 500 555-0142;2
3418;387-555-0136;2
3419;1 (11) 500 555-0114;2
3420;562-555-0130;1
3421;1 (11) 500 555-0114;2
3422;948-555-0113;1
3423;1 (11) 500 555-0134;1
3424;200-555-0198;2
3425;1 (11) 500 555-0170;1
3426;821-555-0117;2
3427;722-555-0145;1
3428;1 (11) 500 555-0191;2
3429;547-555-0132;1
3430;620-555-0164;1
3431;1 (11) 500 555-0187;2
3432;1 (11) 500 555-0120;1
3433;236-555-0166;1
3434;951-555-0141;1
3435;1 (11) 500 555-0176;1
3436;744-555-0111;1
3437;1 (11) 500 555-0137;1
3438;479-555-0116;1
3439;1 (11) 500 555-0160;1
3440;870-555-0130;2
3441;1 (11) 500 555-0131;2
3442;261-555-0151;1
3443;344-555-0198;1
3444;183-555-0132;1
3445;951-555-0164;1
3446;1 (11) 500 555-0119;2
3447;164-555-0180;2
3448;1 (11) 500 555-0182;1
3449;176-555-0168;2
3450;1 (11) 500 555-0125;1
3451;1 (11) 500 555-0139;2
3452;802-555-0191;1
3453;1 (11) 500 555-0183;2
3454;1 (11) 500 555-0151;1
3455;1 (11) 500 555-0129;1
3456;1 (11) 500 555-0191;2
3457;959-555-0196;2
3458;1 (11) 500 555-0177;1
3459;918-555-0152;1
3460;608-555-0126;2
3461;1 (11) 500 555-0112;2
3462;135-555-0163;1
3463;478-555-0152;1
3464;1 (11) 500 555-0112;1
3465;107-555-0187;1
3466;1 (11) 500 555-0189;1
3467;487-555-0136;1
3468;563-555-0111;2
3469;1 (11) 500 555-0142;2
3470;242-555-0195;2
3471;1 (11) 500 555-0117;1
3472;1 (11) 500 555-0114;2
3473;813-555-0193;1
3474;601-555-0134;1
3475;1 (11) 500 555-0122;1
3476;732-555-0142;1
3477;438-555-0125;2
3478;1 (11) 500 555-0149;1
3479;236-555-0139;2
3480;778-555-0133;1
3481;1 (11) 500 555-0186;1
3482;139-555-0185;2
3483;1 (11) 500 555-0116;1
3484;155-555-0141;1
3485;1 (11) 500 555-0139;2
3486;1 (11) 500 555-0152;1
3487;1 (11) 500 555-0160;1
3488;187-555-0120;1
3489;1 (11) 500 555-0139;1
3490;974-555-0184;2
3491;1 (11) 500 555-0123;2
3492;1 (11) 500 555-0132;2
3493;1 (11) 500 555-0177;2
3494;983-555-0126;2
3495;1 (11) 500 555-0189;2
3496;141-555-0141;2
3497;1 (11) 500 555-0171;1
3498;1 (11) 500 555-0111;2
3499;651-555-0168;1
3500;1 (11) 500 555-0120;2
3501;1 (11) 500 555-0184;1
3502;195-555-0184;1
3503;1 (11) 500 555-0188;1
3504;1 (11) 500 555-0115;2
3505;1 (11) 500 555-0119;1
3506;130-555-0137;1
3507;1 (11) 500 555-0123;1
3508;735-555-0180;2
3509;398-555-0199;2
3510;278-555-0186;2
3511;1 (11) 500 555-0127;2
3512;1 (11) 500 555-0181;2
3513;433-555-0119;2
3514;435-555-0148;1
3515;1 (11) 500 555-0148;1
3516;1 (11) 500 555-0178;2
3517;1 (11) 500 555-0164;2
3518;674-555-0195;1
3519;1 (11) 500 555-0117;1
3520;1 (11) 500 555-0189;1
3521;502-555-0117;1
3522;148-555-0148;1
3523;830-555-0114;1
3524;1 (11) 500 555-0144;1
3525;131-555-0185;1
3526;513-555-0119;1
3527;1 (11) 500 555-0141;2
3528;1 (11) 500 555-0117;1
3529;319-555-0171;1
3530;617-555-0146;2
3531;274-555-0128;1
3532;1 (11) 500 555-0137;1
3533;424-555-0117;1
3534;607-555-0192;2
3535;1 (11) 500 555-0194;2
3536;1 (11) 500 555-0192;2
3537;1 (11) 500 555-0164;1
3538;158-555-0169;2
3539;1 (11) 500 555-0117;2
3540;912-555-0182;2
3541;1 (11) 500 555-0114;1
3542;205-555-0115;1
3543;1 (11) 500 555-0176;2
3544;1 (11) 500 555-0186;2
3545;862-555-0136;1
3546;1 (11) 500 555-0119;2
3547;394-555-0112;1
3548;1 (11) 500 555-0111;2
3549;556-555-0130;1
3550;1 (11) 500 555-0127;2
3551;1 (11) 500 555-0117;2
3552;719-555-0165;1
3553;1 (11) 500 555-0134;1
3554;780-555-0156;1
3555;1 (11) 500 555-0154;2
3556;545-555-0144;1
3557;1 (11) 500 555-0152;2
3558;1 (11) 500 555-0125;1
3559;1 (11) 500 555-0185;1
3560;162-555-0131;1
3561;713-555-0181;1
3562;1 (11) 500 555-0166;2
3563;159-555-0133;2
3564;634-555-0146;2
3565;291-555-0119;1
3566;1 (11) 500 555-0192;2
3567;185-555-0180;2
3568;148-555-0115;1
3569;1 (11) 500 555-0169;1
3570;994-555-0119;2
3571;1 (11) 500 555-0114;1
3572;682-555-0190;1
3573;611-555-0119;1
3574;1 (11) 500 555-0170;2
3575;377-555-0181;2
3576;595-555-0185;1
3577;1 (11) 500 555-0177;1
3578;405-555-0128;1
3579;966-555-0116;1
3580;787-555-0124;1
3581;1 (11) 500 555-0151;2
3582;1 (11) 500 555-0147;1
3583;357-555-0117;1
3584;1 (11) 500 555-0179;1
3585;232-555-0179;1
3586;1 (11) 500 555-0149;1
3587;572-555-0144;2
3588;1 (11) 500 555-0113;2
3589;937-555-0134;1
3590;666-555-0172;1
3591;1 (11) 500 555-0121;2
3592;1 (11) 500 555-0182;1
3593;415-555-0170;1
3594;1 (11) 500 555-0172;2
3595;124-555-0194;2
3596;412-555-0116;2
3597;170-555-0113;1
3598;989-555-0194;2
3599;1 (11) 500 555-0190;1
3600;551-555-0154;1
3601;1 (11) 500 555-0145;1
3602;294-555-0113;1
3603;804-555-0174;1
3604;1 (11) 500 555-0184;2
3605;697-555-0174;1
3606;1 (11) 500 555-0165;2
3607;1 (11) 500 555-0127;2
3608;134-555-0165;2
3609;856-555-0125;1
3610;1 (11) 500 555-0116;2
3611;680-555-0159;2
3612;1 (11) 500 555-0151;2
3613;955-555-0114;1
3614;433-555-0141;1
3615;1 (11) 500 555-0188;1
3616;232-555-0182;1
3617;1 (11) 500 555-0135;1
3618;1 (11) 500 555-0197;2
3619;742-555-0176;2
3620;114-555-0181;1
3621;943-555-0155;2
3622;753-555-0138;2
3623;903-555-0175;2
3624;896-555-0142;2
3625;394-555-0158;2
3626;1 (11) 500 555-0126;1
3627;1 (11) 500 555-0182;2
3628;880-555-0113;1
3629;275-555-0186;2
3630;713-555-0187;2
3631;1 (11) 500 555-0111;2
3632;115-555-0159;1
3633;1 (11) 500 555-0142;2
3634;1 (11) 500 555-0161;2
3635;114-555-0184;2
3636;491-555-0113;1
3637;1 (11) 500 555-0110;2
3638;869-555-0119;1
3639;939-555-0166;2
3640;1 (11) 500 555-0163;1
3641;511-555-0111;1
3642;657-555-0197;1
3643;1 (11) 500 555-0141;2
3644;543-555-0125;2
3645;1 (11) 500 555-0143;1
3646;873-555-0154;1
3647;1 (11) 500 555-0112;1
3648;1 (11) 500 555-0178;1
3649;316-555-0152;2
3650;538-555-0135;2
3651;651-555-0175;1
3652;623-555-0125;1
3653;398-555-0123;1
3654;1 (11) 500 555-0199;1
3655;1 (11) 500 555-0133;2
3656;1 (11) 500 555-0111;2
3657;244-555-0169;1
3658;151-555-0118;2
3659;742-555-0145;1
3660;1 (11) 500 555-0171;1
3661;1 (11) 500 555-0116;2
3662;210-555-0174;2
3663;1 (11) 500 555-0123;2
3664;1 (11) 500 555-0186;1
3665;608-555-0125;2
3666;221-555-0166;1
3667;1 (11) 500 555-0162;2
3668;247-555-0113;2
3669;1 (11) 500 555-0118;1
3670;113-555-0126;2
3671;747-555-0119;1
3672;813-555-0137;2
3673;1 (11) 500 555-0165;1
3674;1 (11) 500 555-0190;1
3675;1 (11) 500 555-0170;1
3676;306-555-0162;2
3677;242-555-0193;2
3678;1 (11) 500 555-0187;1
3679;564-555-0124;1
3680;288-555-0189;1
3681;101-555-0173;1
3682;223-555-0146;2
3683;150-555-0156;2
3684;1 (11) 500 555-0151;1
3685;155-555-0157;2
3686;965-555-0146;1
3687;580-555-0169;1
3688;305-555-0128;2
3689;1 (11) 500 555-0111;1
3690;694-555-0111;1
3691;1 (11) 500 555-0198;1
3692;793-555-0113;2
3693;233-555-0137;1
3694;1 (11) 500 555-0191;1
3695;622-555-0149;2
3696;1 (11) 500 555-0139;2
3697;1 (11) 500 555-0145;1
3698;1 (11) 500 555-0185;1
3699;1 (11) 500 555-0184;2
3700;983-555-0112;2
3701;783-555-0146;2
3702;134-555-0141;2
3703;797-555-0172;1
3704;1 (11) 500 555-0118;2
3705;441-555-0151;1
3706;1 (11) 500 555-0116;1
3707;1 (11) 500 555-0112;1
3708;482-555-0132;2
3709;832-555-0117;1
3710;1 (11) 500 555-0157;2
3711;1 (11) 500 555-0174;2
3712;814-555-0134;2
3713;137-555-0119;2
3714;572-555-0185;1
3715;804-555-0144;1
3716;158-555-0155;2
3717;725-555-0163;1
3718;244-555-0142;1
3719;1 (11) 500 555-0146;2
3720;119-555-0129;1
3721;592-555-0110;1
3722;1 (11) 500 555-0119;2
3723;1 (11) 500 555-0183;1
3724;1 (11) 500 555-0113;2
3725;1 (11) 500 555-0143;2
3726;295-555-0147;1
3727;568-555-0121;2
3728;1 (11) 500 555-0114;1
3729;629-555-0147;1
3730;409-555-0193;1
3731;947-555-0187;1
3732;309-555-0161;2
3733;1 (11) 500 555-0182;2
3734;366-555-0119;1
3735;1 (11) 500 555-0164;1
3736;262-555-0173;2
3737;143-555-0165;2
3738;452-555-0116;2
3739;1 (11) 500 555-0133;1
3740;124-555-0115;1
3741;597-555-0116;1
3742;364-555-0152;1
3743;1 (11) 500 555-0177;2
3744;624-555-0184;1
3745;1 (11) 500 555-0114;1
3746;1 (11) 500 555-0174;1
3747;174-555-0127;1
3748;1 (11) 500 555-0129;1
3749;1 (11) 500 555-0154;1
3750;591-555-0122;1
3751;1 (11) 500 555-0118;1
3752;561-555-0113;1
3753;582-555-0166;2
3754;1 (11) 500 555-0175;1
3755;663-555-0190;2
3756;774-555-0118;2
3757;809-555-0144;1
3758;1 (11) 500 555-0129;1
3759;1 (11) 500 555-0111;1
3760;401-555-0159;2
3761;764-555-0112;2
3762;895-555-0181;1
3763;1 (11) 500 555-0124;2
3764;1 (11) 500 555-0114;2
3765;343-555-0182;1
3766;1 (11) 500 555-0127;1
3767;276-555-0138;1
3768;213-555-0147;1
3769;171-555-0112;2
3770;910-555-0118;1
3771;972-555-0149;1
3772;698-555-0113;1
3773;712-555-0185;2
3774;570-555-0116;2
3775;1 (11) 500 555-0182;1
3776;774-555-0124;2
3777;146-555-0142;1
3778;392-555-0121;1
3779;801-555-0110;2
3780;311-555-0145;2
3781;189-555-0175;1
3782;1 (11) 500 555-0133;2
3783;1 (11) 500 555-0132;2
3784;1 (11) 500 555-0122;1
3785;229-555-0188;1
3786;188-555-0134;1
3787;101-555-0134;1
3788;1 (11) 500 555-0117;1
3789;114-555-0149;1
3790;592-555-0134;1
3791;373-555-0111;2
3792;1 (11) 500 555-0146;1
3793;1 (11) 500 555-0194;2
3794;709-555-0191;2
3795;1 (11) 500 555-0184;1
3796;142-555-0117;1
3797;930-555-0130;2
3798;368-555-0118;2
3799;1 (11) 500 555-0112;2
3800;135-555-0171;2
3801;1 (11) 500 555-0118;2
3802;400-555-0140;1
3803;1 (11) 500 555-0119;1
3804;192-555-0118;2
3805;989-555-0116;1
3806;1 (11) 500 555-0199;1
3807;234-555-0183;1
3808;1 (11) 500 555-0116;2
3809;947-555-0113;2
3810;621-555-0163;2
3811;1 (11) 500 555-0139;2
3812;944-555-0122;2
3813;1 (11) 500 555-0167;2
3814;1 (11) 500 555-0118;1
3815;735-555-0150;2
3816;1 (11) 500 555-0157;2
3817;712-555-0117;1
3818;924-555-0116;2
3819;1 (11) 500 555-0189;2
3820;1 (11) 500 555-0197;2
3821;627-555-0133;1
3822;1 (11) 500 555-0117;1
3823;616-555-0157;2
3824;1 (11) 500 555-0141;1
3825;885-555-0175;2
3826;1 (11) 500 555-0114;2
3827;124-555-0119;2
3828;1 (11) 500 555-0150;1
3829;1 (11) 500 555-0118;1
3830;166-555-0119;1
3831;1 (11) 500 555-0197;1
3832;1 (11) 500 555-0199;1
3833;1 (11) 500 555-0119;1
3834;247-555-0143;2
3835;677-555-0141;2
3836;133-555-0176;2
3837;1 (11) 500 555-0148;1
3838;963-555-0129;2
3839;1 (11) 500 555-0126;1
3840;651-555-0165;2
3841;1 (11) 500 555-0181;1
3842;247-555-0191;1
3843;1 (11) 500 555-0110;1
3844;666-555-0155;1
3845;714-555-0112;2
3846;1 (11) 500 555-0118;2
3847;647-555-0151;2
3848;1 (11) 500 555-0165;1
3849;672-555-0169;1
3850;1 (11) 500 555-0149;1
3851;1 (11) 500 555-0119;2
3852;135-555-0115;1
3853;1 (11) 500 555-0140;1
3854;1 (11) 500 555-0163;2
3855;468-555-0145;2
3856;1 (11) 500 555-0172;2
3857;1 (11) 500 555-0189;1
3858;1 (11) 500 555-0182;1
3859;327-555-0191;1
3860;1 (11) 500 555-0144;1
3861;1 (11) 500 555-0123;2
3862;1 (11) 500 555-0134;1
3863;1 (11) 500 555-0177;2
3864;305-555-0157;2
3865;395-555-0157;2
3866;1 (11) 500 555-0165;1
3867;780-555-0133;2
3868;338-555-0117;2
3869;1 (11) 500 555-0176;2
3870;1 (11) 500 555-0124;2
3871;226-555-0167;2
3872;1 (11) 500 555-0153;2
3873;1 (11) 500 555-0142;1
3874;218-555-0189;2
3875;167-555-0129;2
3876;638-555-0183;2
3877;732-555-0135;2
3878;1 (11) 500 555-0126;1
3879;207-555-0132;1
3880;507-555-0114;1
3881;627-555-0111;2
3882;1 (11) 500 555-0158;1
3883;635-555-0185;1
3884;1 (11) 500 555-0110;2
3885;1 (11) 500 555-0186;1
3886;928-555-0122;1
3887;966-555-0175;1
3888;1 (11) 500 555-0116;1
3889;247-555-0133;1
3890;143-555-0120;1
3891;153-555-0182;2
3892;257-555-0167;1
3893;1 (11) 500 555-0167;2
3894;1 (11) 500 555-0173;2
3895;720-555-0149;1
3896;1 (11) 500 555-0159;1
3897;1 (11) 500 555-0184;2
3898;1 (11) 500 555-0112;2
3899;878-555-0125;2
3900;905-555-0115;2
3901;368-555-0196;2
3902;359-555-0113;1
3903;1 (11) 500 555-0148;2
3904;462-555-0162;2
3905;1 (11) 500 555-0135;2
3906;382-555-0125;1
3907;816-555-0121;2
3908;1 (11) 500 555-0117;2
3909;1 (11) 500 555-0169;1
3910;1 (11) 500 555-0171;2
3911;405-555-0129;2
3912;110-555-0153;2
3913;808-555-0111;2
3914;924-555-0180;1
3915;1 (11) 500 555-0180;2
3916;1 (11) 500 555-0160;1
3917;329-555-0186;2
3918;662-555-0145;2
3919;378-555-0119;1
3920;949-555-0125;2
3921;862-555-0137;2
3922;1 (11) 500 555-0153;1
3923;599-555-0155;2
3924;1 (11) 500 555-0184;1
3925;386-555-0151;2
3926;1 (11) 500 555-0114;2
3927;329-555-0153;1
3928;1 (11) 500 555-0163;2
3929;1 (11) 500 555-0119;1
3930;150-555-0114;2
3931;1 (11) 500 555-0154;1
3932;1 (11) 500 555-0111;1
3933;1 (11) 500 555-0115;2
3934;1 (11) 500 555-0149;1
3935;255-555-0148;1
3936;657-555-0139;2
3937;197-555-0113;2
3938;1 (11) 500 555-0144;2
3939;546-555-0116;1
3940;540-555-0193;1
3941;1 (11) 500 555-0181;1
3942;751-555-0198;2
3943;807-555-0134;1
3944;892-555-0190;1
3945;367-555-0138;1
3946;1 (11) 500 555-0151;1
3947;137-555-0115;1
3948;1 (11) 500 555-0151;1
3949;190-555-0122;1
3950;532-555-0117;1
3951;978-555-0118;1
3952;1 (11) 500 555-0189;1
3953;587-555-0126;1
3954;1 (11) 500 555-0117;2
3955;431-555-0118;1
3956;298-555-0129;2
3957;1 (11) 500 555-0196;1
3958;237-555-0174;1
3959;1 (11) 500 555-0165;2
3960;1 (11) 500 555-0171;1
3961;971-555-0173;1
3962;135-555-0132;2
3963;1 (11) 500 555-0186;1
3964;623-555-0117;1
3965;131-555-0151;1
3966;697-555-0185;2
3967;209-555-0125;2
3968;419-555-0196;2
3969;1 (11) 500 555-0186;2
3970;241-555-0174;2
3971;1 (11) 500 555-0162;2
3972;386-555-0178;1
3973;358-555-0118;2
3974;887-555-0122;1
3975;897-555-0167;1
3976;322-555-0174;1
3977;590-555-0192;1
3978;737-555-0112;1
3979;1 (11) 500 555-0119;1
3980;1 (11) 500 555-0115;2
3981;843-555-0124;2
3982;142-555-0123;2
3983;1 (11) 500 555-0181;2
3984;1 (11) 500 555-0149;1
3985;1 (11) 500 555-0168;2
3986;1 (11) 500 555-0191;1
3987;1 (11) 500 555-0183;1
3988;179-555-0174;2
3989;1 (11) 500 555-0189;1
3990;187-555-0192;2
3991;117-555-0116;1
3992;940-555-0176;1
3993;1 (11) 500 555-0118;2
3994;403-555-0173;1
3995;1 (11) 500 555-0116;1
3996;436-555-0182;1
3997;642-555-0133;2
3998;711-555-0113;2
3999;1 (11) 500 555-0175;1
4000;929-555-0133;1
4001;1 (11) 500 555-0121;1
4002;456-555-0130;1
4003;400-555-0193;1
4004;1 (11) 500 555-0127;1
4005;1 (11) 500 555-0180;1
4006;845-555-0111;2
4007;348-555-0117;1
4008;1 (11) 500 555-0179;1
4009;927-555-0118;2
4010;382-555-0146;2
4011;163-555-0125;1
4012;1 (11) 500 555-0136;1
4013;1 (11) 500 555-0196;1
4014;248-555-0127;2
4015;297-555-0169;1
4016;1 (11) 500 555-0118;1
4017;337-555-0184;1
4018;1 (11) 500 555-0128;2
4019;657-555-0116;2
4020;1 (11) 500 555-0116;1
4021;1 (11) 500 555-0193;2
4022;698-555-0158;1
4023;1 (11) 500 555-0133;1
4024;211-555-0116;1
4025;413-555-0138;2
4026;452-555-0170;2
4027;474-555-0169;2
4028;1 (11) 500 555-0139;1
4029;1 (11) 500 555-0118;2
4030;738-555-0163;2
4031;1 (11) 500 555-0116;2
4032;1 (11) 500 555-0194;1
4033;939-555-0183;1
4034;542-555-0149;2
4035;909-555-0116;2
4036;1 (11) 500 555-0198;1
4037;345-555-0184;1
4038;1 (11) 500 555-0125;1
4039;1 (11) 500 555-0121;2
4040;809-555-0156;1
4041;1 (11) 500 555-0121;2
4042;511-555-0134;2
4043;1 (11) 500 555-0129;1
4044;149-555-0119;1
4045;517-555-0176;1
4046;1 (11) 500 555-0119;1
4047;1 (11) 500 555-0111;1
4048;1 (11) 500 555-0156;2
4049;992-555-0116;2
4050;1 (11) 500 555-0187;1
4051;1 (11) 500 555-0156;1
4052;520-555-0139;2
4053;971-555-0136;1
4054;1 (11) 500 555-0155;2
4055;589-555-0192;2
4056;109-555-0143;1
4057;1 (11) 500 555-0191;1
4058;1 (11) 500 555-0130;1
4059;779-555-0186;2
4060;1 (11) 500 555-0166;2
4061;774-555-0187;1
4062;1 (11) 500 555-0134;1
4063;205-555-0175;1
4064;737-555-0171;2
4065;1 (11) 500 555-0172;1
4066;947-555-0134;1
4067;1 (11) 500 555-0148;1
4068;1 (11) 500 555-0147;1
4069;1 (11) 500 555-0169;1
4070;206-555-0114;1
4071;1 (11) 500 555-0179;2
4072;566-555-0118;2
4073;397-555-0155;2
4074;1 (11) 500 555-0124;2
4075;510-555-0111;2
4076;454-555-0178;2
4077;923-555-0110;2
4078;894-555-0135;2
4079;578-555-0132;1
4080;1 (11) 500 555-0136;2
4081;1 (11) 500 555-0173;2
4082;1 (11) 500 555-0176;2
4083;1 (11) 500 555-0195;2
4084;1 (11) 500 555-0115;2
4085;445-555-0139;2
4086;1 (11) 500 555-0112;2
4087;1 (11) 500 555-0123;2
4088;621-555-0134;1
4089;1 (11) 500 555-0130;1
4090;710-555-0152;1
4091;798-555-0146;2
4092;221-555-0148;1
4093;772-555-0148;2
4094;455-555-0163;1
4095;1 (11) 500 555-0136;2
4096;1 (11) 500 555-0136;2
4097;188-555-0182;1
4098;1 (11) 500 555-0164;2
4099;988-555-0125;1
4100;1 (11) 500 555-0157;1
4101;850-555-0119;2
4102;1 (11) 500 555-0150;2
4103;679-555-0194;2
4104;1 (11) 500 555-0167;1
4105;1 (11) 500 555-0157;1
4106;1 (11) 500 555-0128;1
4107;1 (11) 500 555-0161;2
4108;123-555-0179;2
4109;145-555-0139;1
4110;1 (11) 500 555-0191;2
4111;1 (11) 500 555-0130;1
4112;473-555-0153;1
4113;1 (11) 500 555-0159;1
4114;1 (11) 500 555-0118;1
4115;399-555-0192;1
4116;1 (11) 500 555-0195;1
4117;290-555-0145;1
4118;910-555-0185;2
4119;1 (11) 500 555-0124;1
4120;1 (11) 500 555-0145;1
4121;847-555-0142;1
4122;617-555-0129;2
4123;1 (11) 500 555-0196;1
4124;1 (11) 500 555-0113;1
4125;850-555-0128;1
4126;1 (11) 500 555-0111;2
4127;1 (11) 500 555-0139;1
4128;984-555-0118;2
4129;1 (11) 500 555-0193;2
4130;176-555-0113;2
4131;556-555-0131;2
4132;1 (11) 500 555-0137;1
4133;199-555-0159;2
4134;1 (11) 500 555-0172;2
4135;726-555-0187;2
4136;1 (11) 500 555-0170;2
4137;1 (11) 500 555-0111;1
4138;627-555-0180;1
4139;827-555-0134;1
4140;1 (11) 500 555-0156;1
4141;1 (11) 500 555-0151;1
4142;993-555-0128;1
4143;1 (11) 500 555-0154;2
4144;832-555-0166;2
4145;1 (11) 500 555-0179;2
4146;687-555-0187;2
4147;1 (11) 500 555-0171;1
4148;721-555-0132;1
4149;1 (11) 500 555-0118;2
4150;146-555-0179;2
4151;499-555-0143;1
4152;1 (11) 500 555-0148;1
4153;1 (11) 500 555-0124;1
4154;485-555-0144;2
4155;1 (11) 500 555-0119;2
4156;1 (11) 500 555-0117;2
4157;1 (11) 500 555-0113;2
4158;116-555-0151;1
4159;1 (11) 500 555-0147;1
4160;496-555-0164;2
4161;1 (11) 500 555-0114;2
4162;1 (11) 500 555-0116;2
4163;520-555-0154;2
4164;1 (11) 500 555-0116;1
4165;919-555-0129;2
4166;699-555-0147;1
4167;1 (11) 500 555-0187;1
4168;952-555-0176;1
4169;385-555-0120;1
4170;1 (11) 500 555-0153;1
4171;713-555-0128;1
4172;973-555-0165;2
4173;512-555-0149;1
4174;1 (11) 500 555-0173;2
4175;854-555-0186;1
4176;517-555-0121;2
4177;177-555-0182;2
4178;535-555-0111;1
4179;241-555-0163;1
4180;1 (11) 500 555-0144;2
4181;1 (11) 500 555-0115;1
4182;942-555-0159;2
4183;301-555-0113;2
4184;168-555-0119;1
4185;118-555-0124;1
4186;971-555-0132;1
4187;1 (11) 500 555-0169;2
4188;812-555-0117;1
4189;171-555-0174;1
4190;1 (11) 500 555-0128;2
4191;1 (11) 500 555-0136;1
4192;142-555-0139;2
4193;397-555-0128;1
4194;590-555-0140;2
4195;455-555-0126;1
4196;442-555-0139;1
4197;629-555-0193;1
4198;1 (11) 500 555-0198;1
4199;1 (11) 500 555-0145;2
4200;1 (11) 500 555-0125;2
4201;1 (11) 500 555-0155;2
4202;1 (11) 500 555-0131;1
4203;1 (11) 500 555-0151;1
4204;126-555-0148;1
4205;146-555-0191;1
4206;1 (11) 500 555-0113;2
4207;1 (11) 500 555-0150;1
4208;1 (11) 500 555-0115;2
4209;406-555-0125;2
4210;383-555-0129;2
4211;1 (11) 500 555-0145;2
4212;474-555-0186;1
4213;432-555-0151;1
4214;142-555-0191;2
4215;447-555-0181;1
4216;1 (11) 500 555-0188;1
4217;1 (11) 500 555-0140;1
4218;377-555-0180;2
4219;1 (11) 500 555-0130;1
4220;285-555-0134;2
4221;1 (11) 500 555-0113;2
4222;483-555-0139;1
4223;1 (11) 500 555-0140;2
4224;1 (11) 500 555-0114;2
4225;488-555-0131;1
4226;1 (11) 500 555-0189;2
4227;1 (11) 500 555-0195;2
4228;1 (11) 500 555-0111;1
4229;238-555-0128;1
4230;1 (11) 500 555-0147;2
4231;1 (11) 500 555-0151;2
4232;1 (11) 500 555-0137;1
4233;1 (11) 500 555-0183;2
4234;1 (11) 500 555-0166;2
4235;1 (11) 500 555-0151;2
4236;1 (11) 500 555-0190;1
4237;1 (11) 500 555-0188;2
4238;1 (11) 500 555-0158;2
4239;351-555-0176;2
4240;680-555-0195;2
4241;186-555-0144;1
4242;731-555-0193;1
4243;1 (11) 500 555-0125;1
4244;1 (11) 500 555-0159;1
4245;183-555-0137;2
4246;1 (11) 500 555-0115;2
4247;1 (11) 500 555-0114;1
4248;521-555-0160;2
4249;1 (11) 500 555-0171;2
4250;235-555-0137;1
4251;508-555-0159;1
4252;1 (11) 500 555-0175;2
4253;146-555-0179;1
4254;858-555-0161;2
4255;1 (11) 500 555-0168;2
4256;890-555-0115;1
4257;1 (11) 500 555-0182;1
4258;147-555-0173;1
4259;656-555-0187;1
4260;1 (11) 500 555-0180;2
4261;936-555-0189;2
4262;1 (11) 500 555-0151;2
4263;143-555-0177;1
4264;600-555-0151;2
4265;118-555-0179;1
4266;1 (11) 500 555-0156;2
4267;385-555-0122;2
4268;178-555-0196;2
4269;213-555-0171;2
4270;159-555-0162;2
4271;152-555-0143;1
4272;1 (11) 500 555-0187;1
4273;1 (11) 500 555-0193;2
4274;1 (11) 500 555-0189;1
4275;917-555-0167;2
4276;491-555-0164;2
4277;205-555-0113;2
4278;651-555-0158;2
4279;1 (11) 500 555-0155;2
4280;1 (11) 500 555-0144;2
4281;863-555-0172;1
4282;1 (11) 500 555-0179;2
4283;780-555-0119;2
4284;1 (11) 500 555-0192;1
4285;784-555-0110;2
4286;1 (11) 500 555-0153;1
4287;1 (11) 500 555-0186;1
4288;124-555-0169;2
4289;367-555-0120;2
4290;1 (11) 500 555-0188;2
4291;216-555-0199;1
4292;177-555-0128;1
4293;1 (11) 500 555-0172;2
4294;1 (11) 500 555-0119;2
4295;1 (11) 500 555-0160;2
4296;878-555-0119;1
4297;513-555-0176;2
4298;1 (11) 500 555-0112;2
4299;1 (11) 500 555-0172;1
4300;1 (11) 500 555-0132;1
4301;177-555-0123;1
4302;254-555-0194;2
4303;1 (11) 500 555-0139;1
4304;1 (11) 500 555-0192;1
4305;112-555-0110;1
4306;619-555-0115;2
4307;481-555-0125;2
4308;1 (11) 500 555-0155;1
4309;627-555-0110;2
4310;485-555-0124;1
4311;981-555-0117;2
4312;1 (11) 500 555-0153;2
4313;1 (11) 500 555-0165;1
4314;1 (11) 500 555-0191;2
4315;662-555-0125;2
4316;1 (11) 500 555-0113;1
4317;1 (11) 500 555-0126;1
4318;778-555-0114;1
4319;499-555-0118;1
4320;410-555-0151;1
4321;1 (11) 500 555-0113;1
4322;1 (11) 500 555-0173;2
4323;984-555-0197;2
4324;790-555-0117;2
4325;1 (11) 500 555-0182;1
4326;683-555-0147;2
4327;131-555-0145;2
4328;459-555-0110;1
4329;1 (11) 500 555-0145;1
4330;129-555-0114;1
4331;1 (11) 500 555-0125;2
4332;773-555-0124;1
4333;1 (11) 500 555-0120;1
4334;886-555-0139;2
4335;1 (11) 500 555-0174;1
4336;198-555-0172;1
4337;344-555-0123;2
4338;702-555-0199;1
4339;195-555-0146;1
4340;1 (11) 500 555-0198;1
4341;1 (11) 500 555-0110;2
4342;654-555-0116;2
4343;322-555-0183;2
4344;302-555-0194;1
4345;1 (11) 500 555-0117;1
4346;157-555-0143;2
4347;163-555-0142;1
4348;1 (11) 500 555-0110;2
4349;153-555-0188;1
4350;472-555-0154;2
4351;1 (11) 500 555-0113;1
4352;1 (11) 500 555-0193;2
4353;1 (11) 500 555-0169;1
4354;387-555-0135;1
4355;135-555-0112;2
4356;119-555-0147;1
4357;171-555-0140;2
4358;1 (11) 500 555-0174;1
4359;1 (11) 500 555-0157;2
4360;1 (11) 500 555-0149;1
4361;199-555-0147;2
4362;135-555-0119;2
4363;980-555-0196;1
4364;1 (11) 500 555-0195;2
4365;1 (11) 500 555-0180;2
4366;420-555-0174;1
4367;1 (11) 500 555-0111;1
4368;1 (11) 500 555-0113;2
4369;1 (11) 500 555-0168;1
4370;894-555-0175;2
4371;1 (11) 500 555-0142;1
4372;246-555-0119;2
4373;452-555-0188;1
4374;1 (11) 500 555-0185;1
4375;1 (11) 500 555-0120;2
4376;146-555-0117;2
4377;1 (11) 500 555-0162;2
4378;846-555-0131;1
4379;380-555-0167;2
4380;1 (11) 500 555-0183;2
4381;745-555-0120;2
4382;1 (11) 500 555-0123;2
4383;1 (11) 500 555-0173;2
4384;1 (11) 500 555-0113;1
4385;647-555-0131;2
4386;1 (11) 500 555-0164;1
4387;1 (11) 500 555-0167;2
4388;592-555-0152;1
4389;1 (11) 500 555-0112;2
4390;349-555-0116;1
4391;161-555-0147;1
4392;1 (11) 500 555-0121;2
4393;1 (11) 500 555-0113;1
4394;112-555-0152;2
4395;398-555-0127;1
4396;1 (11) 500 555-0120;2
4397;936-555-0113;2
4398;374-555-0113;1
4399;1 (11) 500 555-0126;2
4400;957-555-0160;2
4401;782-555-0117;1
4402;465-555-0149;1
4403;1 (11) 500 555-0159;2
4404;1 (11) 500 555-0154;2
4405;1 (11) 500 555-0179;2
4406;810-555-0164;2
4407;753-555-0181;1
4408;1 (11) 500 555-0117;1
4409;303-555-0145;2
4410;359-555-0138;1
4411;1 (11) 500 555-0182;1
4412;780-555-0196;2
4413;326-555-0171;1
4414;1 (11) 500 555-0192;2
4415;1 (11) 500 555-0131;2
4416;713-555-0147;2
4417;1 (11) 500 555-0175;2
4418;404-555-0118;2
4419;569-555-0134;2
4420;1 (11) 500 555-0123;1
4421;1 (11) 500 555-0171;1
4422;559-555-0149;1
4423;1 (11) 500 555-0115;2
4424;248-555-0114;1
4425;1 (11) 500 555-0183;1
4426;118-555-0189;2
4427;941-555-0132;1
4428;1 (11) 500 555-0150;1
4429;682-555-0196;2
4430;943-555-0190;2
4431;568-555-0198;2
4432;544-555-0195;2
4433;1 (11) 500 555-0115;2
4434;258-555-0128;2
4435;907-555-0125;2
4436;939-555-0178;1
4437;354-555-0181;1
4438;697-555-0137;1
4439;1 (11) 500 555-0145;2
4440;155-555-0151;1
4441;1 (11) 500 555-0132;2
4442;391-555-0120;2
4443;761-555-0130;2
4444;1 (11) 500 555-0112;2
4445;1 (11) 500 555-0111;2
4446;1 (11) 500 555-0138;2
4447;1 (11) 500 555-0171;1
4448;1 (11) 500 555-0150;1
4449;1 (11) 500 555-0141;1
4450;815-555-0139;2
4451;1 (11) 500 555-0184;1
4452;1 (11) 500 555-0137;1
4453;184-555-0165;2
4454;130-555-0125;1
4455;960-555-0118;2
4456;1 (11) 500 555-0163;1
4457;249-555-0126;1
4458;602-555-0134;2
4459;1 (11) 500 555-0152;2
4460;116-555-0143;1
4461;1 (11) 500 555-0186;1
4462;1 (11) 500 555-0121;2
4463;537-555-0125;1
4464;786-555-0115;1
4465;218-555-0142;1
4466;159-555-0190;2
4467;1 (11) 500 555-0112;2
4468;114-555-0191;1
4469;598-555-0113;1
4470;1 (11) 500 555-0146;1
4471;609-555-0146;2
4472;1 (11) 500 555-0146;2
4473;1 (11) 500 555-0172;2
4474;1 (11) 500 555-0116;1
4475;644-555-0185;2
4476;1 (11) 500 555-0129;1
4477;1 (11) 500 555-0149;2
4478;1 (11) 500 555-0177;1
4479;514-555-0138;2
4480;388-555-0195;1
4481;1 (11) 500 555-0149;1
4482;543-555-0143;2
4483;165-555-0115;1
4484;1 (11) 500 555-0168;1
4485;1 (11) 500 555-0145;1
4486;1 (11) 500 555-0150;2
4487;1 (11) 500 555-0172;1
4488;484-555-0195;1
4489;270-555-0111;1
4490;981-555-0138;2
4491;1 (11) 500 555-0138;1
4492;865-555-0169;1
4493;938-555-0142;2
4494;1 (11) 500 555-0138;2
4495;769-555-0175;1
4496;1 (11) 500 555-0150;2
4497;323-555-0179;1
4498;626-555-0195;2
4499;197-555-0167;2
4500;1 (11) 500 555-0190;2
4501;120-555-0189;2
4502;1 (11) 500 555-0155;1
4503;1 (11) 500 555-0111;1
4504;305-555-0198;1
4505;1 (11) 500 555-0170;2
4506;524-555-0113;1
4507;157-555-0189;1
4508;1 (11) 500 555-0136;1
4509;358-555-0140;2
4510;433-555-0117;1
4511;1 (11) 500 555-0110;1
4512;1 (11) 500 555-0127;1
4513;1 (11) 500 555-0197;1
4514;822-555-0113;1
4515;559-555-0115;2
4516;1 (11) 500 555-0145;1
4517;1 (11) 500 555-0134;2
4518;125-555-0153;1
4519;636-555-0191;2
4520;1 (11) 500 555-0118;1
4521;106-555-0177;2
4522;535-555-0190;2
4523;1 (11) 500 555-0188;1
4524;1 (11) 500 555-0187;2
4525;251-555-0135;2
4526;1 (11) 500 555-0176;1
4527;745-555-0145;1
4528;342-555-0162;1
4529;946-555-0172;1
4530;1 (11) 500 555-0175;2
4531;1 (11) 500 555-0174;1
4532;958-555-0174;1
4533;1 (11) 500 555-0145;1
4534;789-555-0110;2
4535;689-555-0113;2
4536;913-555-0119;1
4537;1 (11) 500 555-0155;2
4538;1 (11) 500 555-0157;1
4539;286-555-0164;1
4540;154-555-0197;1
4541;1 (11) 500 555-0155;2
4542;1 (11) 500 555-0150;2
4543;1 (11) 500 555-0194;1
4544;335-555-0116;2
4545;646-555-0154;1
4546;1 (11) 500 555-0164;2
4547;802-555-0155;1
4548;167-555-0176;1
4549;971-555-0165;2
4550;1 (11) 500 555-0122;2
4551;208-555-0134;1
4552;520-555-0110;1
4553;274-555-0181;2
4554;922-555-0117;2
4555;1 (11) 500 555-0131;1
4556;1 (11) 500 555-0130;1
4557;859-555-0114;2
4558;403-555-0147;1
4559;424-555-0148;1
4560;257-555-0130;2
4561;1 (11) 500 555-0169;1
4562;145-555-0167;2
4563;169-555-0138;1
4564;1 (11) 500 555-0118;2
4565;1 (11) 500 555-0123;1
4566;1 (11) 500 555-0180;1
4567;1 (11) 500 555-0115;2
4568;829-555-0154;2
4569;397-555-0164;1
4570;1 (11) 500 555-0163;2
4571;1 (11) 500 555-0153;1
4572;1 (11) 500 555-0179;1
4573;1 (11) 500 555-0118;2
4574;1 (11) 500 555-0149;2
4575;142-555-0146;1
4576;815-555-0144;2
4577;243-555-0193;1
4578;273-555-0115;1
4579;1 (11) 500 555-0132;2
4580;499-555-0148;2
4581;730-555-0154;2
4582;142-555-0165;2
4583;1 (11) 500 555-0169;2
4584;1 (11) 500 555-0114;1
4585;510-555-0180;2
4586;219-555-0142;2
4587;702-555-0179;1
4588;882-555-0162;2
4589;1 (11) 500 555-0112;1
4590;1 (11) 500 555-0179;2
4591;817-555-0174;1
4592;183-555-0141;2
4593;834-555-0117;1
4594;736-555-0187;2
4595;501-555-0171;2
4596;1 (11) 500 555-0149;2
4597;1 (11) 500 555-0132;1
4598;1 (11) 500 555-0160;1
4599;1 (11) 500 555-0191;2
4600;632-555-0199;2
4601;1 (11) 500 555-0150;2
4602;969-555-0195;2
4603;781-555-0122;1
4604;1 (11) 500 555-0125;2
4605;876-555-0185;2
4606;1 (11) 500 555-0182;2
4607;465-555-0162;2
4608;305-555-0179;1
4609;958-555-0172;1
4610;1 (11) 500 555-0112;1
4611;838-555-0136;2
4612;914-555-0180;2
4613;966-555-0152;2
4614;1 (11) 500 555-0159;1
4615;948-555-0174;2
4616;582-555-0196;1
4617;1 (11) 500 555-0136;1
4618;169-555-0183;2
4619;1 (11) 500 555-0171;1
4620;441-555-0194;1
4621;397-555-0155;1
4622;937-555-0171;1
4623;1 (11) 500 555-0141;1
4624;442-555-0119;2
4625;1 (11) 500 555-0124;2
4626;338-555-0113;2
4627;1 (11) 500 555-0179;1
4628;239-555-0129;1
4629;1 (11) 500 555-0115;2
4630;582-555-0192;2
4631;423-555-0177;1
4632;1 (11) 500 555-0169;1
4633;1 (11) 500 555-0133;1
4634;1 (11) 500 555-0147;2
4635;250-555-0141;2
4636;1 (11) 500 555-0118;1
4637;1 (11) 500 555-0161;2
4638;744-555-0117;2
4639;789-555-0166;2
4640;324-555-0182;1
4641;1 (11) 500 555-0145;1
4642;177-555-0119;2
4643;1 (11) 500 555-0149;1
4644;207-555-0146;1
4645;735-555-0116;2
4646;964-555-0119;1
4647;1 (11) 500 555-0162;2
4648;118-555-0179;2
4649;985-555-0182;2
4650;410-555-0110;1
4651;1 (11) 500 555-0110;1
4652;1 (11) 500 555-0160;2
4653;1 (11) 500 555-0118;1
4654;945-555-0193;1
4655;156-555-0159;1
4656;340-555-0137;2
4657;1 (11) 500 555-0163;2
4658;687-555-0170;1
4659;1 (11) 500 555-0115;2
4660;102-555-0169;2
4661;1 (11) 500 555-0167;1
4662;127-555-0119;2
4663;1 (11) 500 555-0172;2
4664;1 (11) 500 555-0181;2
4665;334-555-0110;2
4666;957-555-0196;2
4667;947-555-0166;1
4668;1 (11) 500 555-0127;2
4669;171-555-0165;1
4670;333-555-0169;2
4671;189-555-0173;2
4672;412-555-0110;2
4673;278-555-0140;1
4674;1 (11) 500 555-0192;1
4675;1 (11) 500 555-0154;1
4676;911-555-0178;1
4677;496-555-0122;2
4678;1 (11) 500 555-0198;2
4679;784-555-0134;1
4680;597-555-0163;2
4681;842-555-0134;1
4682;995-555-0181;1
4683;359-555-0153;1
4684;723-555-0183;1
4685;1 (11) 500 555-0117;1
4686;119-555-0194;2
4687;1 (11) 500 555-0159;2
4688;354-555-0176;1
4689;1 (11) 500 555-0126;1
4690;181-555-0185;1
4691;583-555-0115;2
4692;1 (11) 500 555-0197;2
4693;1 (11) 500 555-0139;2
4694;846-555-0173;1
4695;846-555-0149;2
4696;958-555-0116;1
4697;454-555-0190;1
4698;965-555-0128;2
4699;1 (11) 500 555-0135;2
4700;124-555-0176;1
4701;1 (11) 500 555-0152;2
4702;1 (11) 500 555-0159;2
4703;1 (11) 500 555-0195;2
4704;443-555-0192;1
4705;250-555-0122;2
4706;1 (11) 500 555-0121;2
4707;200-555-0138;1
4708;901-555-0178;1
4709;1 (11) 500 555-0183;2
4710;1 (11) 500 555-0120;2
4711;1 (11) 500 555-0166;2
4712;1 (11) 500 555-0194;2
4713;1 (11) 500 555-0192;1
4714;1 (11) 500 555-0195;1
4715;1 (11) 500 555-0118;2
4716;1 (11) 500 555-0134;2
4717;622-555-0178;1
4718;883-555-0128;1
4719;1 (11) 500 555-0163;1
4720;1 (11) 500 555-0140;2
4721;141-555-0181;2
4722;813-555-0130;1
4723;185-555-0165;1
4724;1 (11) 500 555-0155;2
4725;631-555-0178;2
4726;441-555-0164;1
4727;1 (11) 500 555-0115;2
4728;1 (11) 500 555-0128;1
4729;328-555-0164;1
4730;1 (11) 500 555-0197;1
4731;141-555-0176;1
4732;1 (11) 500 555-0162;1
4733;1 (11) 500 555-0112;1
4734;1 (11) 500 555-0128;2
4735;1 (11) 500 555-0183;2
4736;419-555-0170;1
4737;1 (11) 500 555-0120;2
4738;1 (11) 500 555-0188;1
4739;988-555-0130;2
4740;1 (11) 500 555-0147;1
4741;502-555-0164;2
4742;1 (11) 500 555-0182;2
4743;1 (11) 500 555-0133;1
4744;1 (11) 500 555-0165;2
4745;729-555-0153;2
4746;183-555-0146;2
4747;1 (11) 500 555-0151;1
4748;1 (11) 500 555-0144;1
4749;1 (11) 500 555-0122;1
4750;166-555-0176;2
4751;364-555-0127;1
4752;845-555-0181;2
4753;757-555-0197;1
4754;1 (11) 500 555-0195;2
4755;1 (11) 500 555-0131;2
4756;752-555-0198;2
4757;1 (11) 500 555-0176;2
4758;101-555-0113;2
4759;728-555-0147;1
4760;1 (11) 500 555-0161;2
4761;115-555-0117;2
4762;1 (11) 500 555-0144;1
4763;487-555-0110;2
4764;1 (11) 500 555-0111;2
4765;1 (11) 500 555-0191;2
4766;679-555-0113;1
4767;1 (11) 500 555-0173;2
4768;107-555-0166;1
4769;172-555-0177;2
4770;662-555-0157;2
4771;1 (11) 500 555-0184;1
4772;1 (11) 500 555-0110;2
4773;907-555-0167;2
4774;1 (11) 500 555-0118;2
4775;1 (11) 500 555-0179;1
4776;1 (11) 500 555-0198;2
4777;1 (11) 500 555-0139;1
4778;875-555-0124;2
4779;1 (11) 500 555-0135;1
4780;1 (11) 500 555-0175;1
4781;1 (11) 500 555-0121;2
4782;1 (11) 500 555-0131;1
4783;434-555-0196;2
4784;1 (11) 500 555-0137;1
4785;149-555-0146;1
4786;990-555-0111;2
4787;651-555-0160;2
4788;1 (11) 500 555-0174;1
4789;1 (11) 500 555-0184;2
4790;1 (11) 500 555-0144;1
4791;1 (11) 500 555-0138;1
4792;703-555-0112;1
4793;921-555-0176;1
4794;434-555-0192;2
4795;932-555-0197;2
4796;1 (11) 500 555-0159;1
4797;143-555-0184;2
4798;1 (11) 500 555-0181;1
4799;984-555-0111;1
4800;1 (11) 500 555-0118;1
4801;178-555-0194;1
4802;1 (11) 500 555-0175;1
4803;159-555-0120;2
4804;303-555-0198;2
4805;613-555-0188;2
4806;810-555-0171;1
4807;703-555-0179;2
4808;174-555-0185;1
4809;1 (11) 500 555-0130;2
4810;1 (11) 500 555-0155;2
4811;747-555-0158;1
4812;158-555-0171;2
4813;1 (11) 500 555-0153;1
4814;205-555-0120;2
4815;681-555-0189;2
4816;649-555-0138;1
4817;644-555-0149;1
4818;369-555-0176;1
4819;219-555-0196;2
4820;609-555-0188;2
4821;764-555-0119;2
4822;1 (11) 500 555-0111;1
4823;300-555-0118;2
4824;787-555-0141;2
4825;1 (11) 500 555-0111;1
4826;978-555-0158;2
4827;1 (11) 500 555-0124;2
4828;336-555-0171;2
4829;1 (11) 500 555-0190;1
4830;487-555-0171;2
4831;1 (11) 500 555-0183;2
4832;379-555-0190;1
4833;1 (11) 500 555-0121;2
4834;767-555-0137;1
4835;833-555-0143;2
4836;1 (11) 500 555-0195;2
4837;1 (11) 500 555-0182;2
4838;540-555-0148;1
4839;177-555-0190;2
4840;1 (11) 500 555-0118;2
4841;1 (11) 500 555-0196;2
4842;267-555-0115;1
4843;358-555-0111;2
4844;1 (11) 500 555-0154;1
4845;952-555-0176;2
4846;1 (11) 500 555-0123;2
4847;389-555-0115;1
4848;377-555-0137;1
4849;1 (11) 500 555-0140;1
4850;1 (11) 500 555-0137;1
4851;799-555-0117;1
4852;1 (11) 500 555-0175;2
4853;178-555-0112;1
4854;892-555-0153;1
4855;194-555-0175;2
4856;1 (11) 500 555-0187;1
4857;870-555-0182;2
4858;1 (11) 500 555-0184;1
4859;913-555-0120;2
4860;305-555-0189;1
4861;1 (11) 500 555-0145;1
4862;1 (11) 500 555-0174;2
4863;647-555-0123;1
4864;1 (11) 500 555-0121;1
4865;1 (11) 500 555-0167;2
4866;122-555-0118;2
4867;1 (11) 500 555-0114;1
4868;1 (11) 500 555-0155;1
4869;826-555-0121;1
4870;930-555-0113;1
4871;1 (11) 500 555-0110;2
4872;363-555-0187;1
4873;116-555-0162;2
4874;1 (11) 500 555-0193;2
4875;162-555-0110;1
4876;1 (11) 500 555-0113;1
4877;1 (11) 500 555-0125;1
4878;1 (11) 500 555-0185;1
4879;1 (11) 500 555-0154;2
4880;362-555-0118;2
4881;578-555-0118;2
4882;399-555-0174;1
4883;1 (11) 500 555-0171;2
4884;141-555-0148;1
4885;620-555-0169;1
4886;1 (11) 500 555-0158;1
4887;517-555-0133;1
4888;750-555-0154;2
4889;633-555-0192;2
4890;118-555-0181;2
4891;257-555-0115;1
4892;1 (11) 500 555-0186;2
4893;144-555-0189;1
4894;189-555-0168;2
4895;1 (11) 500 555-0151;2
4896;969-555-0140;2
4897;217-555-0178;1
4898;1 (11) 500 555-0112;2
4899;747-555-0117;1
4900;1 (11) 500 555-0180;2
4901;1 (11) 500 555-0181;1
4902;184-555-0111;1
4903;1 (11) 500 555-0118;1
4904;112-555-0161;2
4905;266-555-0118;1
4906;1 (11) 500 555-0156;2
4907;362-555-0140;1
4908;1 (11) 500 555-0159;1
4909;959-555-0199;1
4910;170-555-0110;1
4911;1 (11) 500 555-0174;2
4912;548-555-0150;1
4913;1 (11) 500 555-0118;1
4914;177-555-0155;2
4915;260-555-0183;1
4916;1 (11) 500 555-0118;2
4917;101-555-0122;1
4918;1 (11) 500 555-0120;1
4919;216-555-0140;2
4920;1 (11) 500 555-0110;2
4921;1 (11) 500 555-0158;2
4922;1 (11) 500 555-0194;1
4923;1 (11) 500 555-0113;1
4924;735-555-0183;2
4925;948-555-0160;1
4926;1 (11) 500 555-0131;1
4927;671-555-0138;2
4928;1 (11) 500 555-0150;1
4929;234-555-0119;1
4930;1 (11) 500 555-0112;1
4931;1 (11) 500 555-0116;1
4932;505-555-0153;2
4933;808-555-0131;1
4934;528-555-0114;2
4935;735-555-0197;1
4936;1 (11) 500 555-0117;2
4937;681-555-0150;1
4938;283-555-0179;2
4939;594-555-0155;2
4940;929-555-0195;2
4941;954-555-0161;1
4942;1 (11) 500 555-0117;2
4943;1 (11) 500 555-0178;2
4944;1 (11) 500 555-0177;1
4945;1 (11) 500 555-0149;2
4946;1 (11) 500 555-0113;1
4947;1 (11) 500 555-0144;1
4948;340-555-0127;2
4949;1 (11) 500 555-0162;1
4950;465-555-0196;2
4951;1 (11) 500 555-0178;2
4952;602-555-0171;1
4953;1 (11) 500 555-0139;1
4954;351-555-0129;1
4955;1 (11) 500 555-0170;2
4956;1 (11) 500 555-0155;2
4957;1 (11) 500 555-0161;2
4958;595-555-0160;2
4959;139-555-0150;2
4960;1 (11) 500 555-0124;1
4961;696-555-0147;2
4962;1 (11) 500 555-0181;2
4963;1 (11) 500 555-0159;2
4964;544-555-0144;2
4965;1 (11) 500 555-0170;1
4966;1 (11) 500 555-0190;2
4967;428-555-0192;2
4968;565-555-0115;2
4969;1 (11) 500 555-0128;2
4970;1 (11) 500 555-0161;2
4971;1 (11) 500 555-0159;1
4972;117-555-0187;1
4973;1 (11) 500 555-0110;1
4974;256-555-0111;2
4975;1 (11) 500 555-0153;1
4976;1 (11) 500 555-0164;1
4977;1 (11) 500 555-0183;2
4978;1 (11) 500 555-0124;2
4979;1 (11) 500 555-0184;2
4980;1 (11) 500 555-0144;2
4981;500-555-0169;1
4982;1 (11) 500 555-0162;1
4983;159-555-0161;1
4984;1 (11) 500 555-0195;2
4985;859-555-0119;2
4986;768-555-0154;1
4987;1 (11) 500 555-0192;2
4988;1 (11) 500 555-0129;2
4989;425-555-0163;2
4990;1 (11) 500 555-0129;1
4991;1 (11) 500 555-0124;1
4992;897-555-0155;2
4993;1 (11) 500 555-0129;1
4994;131-555-0193;2
4995;1 (11) 500 555-0138;2
4996;577-555-0129;1
4997;1 (11) 500 555-0158;2
4998;1 (11) 500 555-0188;2
4999;429-555-0185;1
5000;570-555-0140;2
5001;1 (11) 500 555-0117;1
5002;694-555-0193;2
5003;1 (11) 500 555-0186;2
5004;1 (11) 500 555-0189;1
5005;1 (11) 500 555-0168;1
5006;1 (11) 500 555-0111;1
5007;317-555-0129;2
5008;1 (11) 500 555-0169;1
5009;857-555-0182;1
5010;1 (11) 500 555-0135;2
5011;827-555-0174;1
5012;1 (11) 500 555-0119;2
5013;764-555-0184;2
5014;1 (11) 500 555-0176;2
5015;1 (11) 500 555-0165;2
5016;1 (11) 500 555-0171;2
5017;493-555-0188;2
5018;1 (11) 500 555-0114;1
5019;1 (11) 500 555-0178;1
5020;1 (11) 500 555-0138;1
5021;1 (11) 500 555-0167;1
5022;342-555-0195;1
5023;973-555-0110;2
5024;739-555-0198;1
5025;929-555-0115;2
5026;1 (11) 500 555-0157;2
5027;1 (11) 500 555-0156;1
5028;954-555-0173;2
5029;1 (11) 500 555-0127;1
5030;395-555-0171;1
5031;1 (11) 500 555-0112;1
5032;441-555-0118;1
5033;1 (11) 500 555-0143;2
5034;434-555-0116;2
5035;675-555-0112;2
5036;1 (11) 500 555-0116;2
5037;993-555-0176;2
5038;1 (11) 500 555-0190;2
5039;603-555-0129;1
5040;1 (11) 500 555-0114;1
5041;355-555-0111;1
5042;518-555-0162;2
5043;523-555-0128;2
5044;1 (11) 500 555-0123;1
5045;1 (11) 500 555-0161;1
5046;961-555-0194;1
5047;853-555-0118;1
5048;1 (11) 500 555-0188;1
5049;1 (11) 500 555-0113;2
5050;837-555-0113;1
5051;1 (11) 500 555-0152;1
5052;1 (11) 500 555-0189;1
5053;523-555-0146;2
5054;1 (11) 500 555-0180;1
5055;414-555-0196;2
5056;698-555-0189;1
5057;1 (11) 500 555-0165;1
5058;936-555-0134;2
5059;1 (11) 500 555-0133;1
5060;473-555-0165;2
5061;1 (11) 500 555-0178;1
5062;160-555-0126;2
5063;505-555-0125;1
5064;907-555-0129;2
5065;500-555-0170;1
5066;201-555-0146;2
5067;282-555-0167;1
5068;402-555-0123;1
5069;131-555-0192;1
5070;1 (11) 500 555-0127;1
5071;816-555-0191;2
5072;1 (11) 500 555-0156;2
5073;1 (11) 500 555-0117;1
5074;1 (11) 500 555-0135;2
5075;100-555-0124;2
5076;308-555-0185;2
5077;1 (11) 500 555-0169;1
5078;705-555-0155;1
5079;1 (11) 500 555-0152;1
5080;1 (11) 500 555-0138;2
5081;111-555-0167;1
5082;1 (11) 500 555-0182;1
5083;1 (11) 500 555-0126;1
5084;790-555-0114;2
5085;1 (11) 500 555-0183;2
5086;717-555-0188;1
5087;234-555-0118;1
5088;1 (11) 500 555-0133;1
5089;112-555-0197;2
5090;1 (11) 500 555-0113;2
5091;1 (11) 500 555-0173;1
5092;144-555-0114;1
5093;1 (11) 500 555-0174;2
5094;536-555-0180;1
5095;790-555-0131;1
5096;1 (11) 500 555-0134;2
5097;1 (11) 500 555-0127;2
5098;1 (11) 500 555-0159;2
5099;543-555-0113;1
5100;1 (11) 500 555-0123;1
5101;429-555-0155;1
5102;132-555-0165;2
5103;188-555-0123;2
5104;1 (11) 500 555-0160;1
5105;220-555-0193;1
5106;329-555-0160;1
5107;1 (11) 500 555-0132;1
5108;1 (11) 500 555-0115;2
5109;660-555-0153;1
5110;1 (11) 500 555-0160;1
5111;172-555-0143;2
5112;129-555-0118;2
5113;622-555-0116;1
5114;1 (11) 500 555-0184;2
5115;1 (11) 500 555-0174;1
5116;132-555-0110;2
5117;1 (11) 500 555-0155;2
5118;670-555-0117;1
5119;1 (11) 500 555-0182;1
5120;879-555-0197;1
5121;853-555-0199;1
5122;606-555-0173;2
5123;982-555-0198;1
5124;508-555-0163;2
5125;1 (11) 500 555-0197;2
5126;1 (11) 500 555-0117;2
5127;746-555-0140;1
5128;983-555-0121;2
5129;1 (11) 500 555-0178;2
5130;830-555-0162;1
5131;1 (11) 500 555-0131;2
5132;262-555-0112;2
5133;1 (11) 500 555-0170;1
5134;777-555-0198;2
5135;290-555-0119;1
5136;569-555-0116;1
5137;175-555-0110;1
5138;1 (11) 500 555-0112;1
5139;161-555-0113;2
5140;996-555-0179;1
5141;1 (11) 500 555-0159;2
5142;314-555-0132;2
5143;562-555-0196;1
5144;1 (11) 500 555-0198;2
5145;1 (11) 500 555-0119;2
5146;382-555-0134;2
5147;445-555-0153;2
5148;1 (11) 500 555-0173;2
5149;1 (11) 500 555-0188;2
5150;755-555-0185;1
5151;192-555-0177;2
5152;1 (11) 500 555-0183;1
5153;1 (11) 500 555-0162;2
5154;890-555-0163;2
5155;1 (11) 500 555-0158;2
5156;143-555-0141;2
5157;1 (11) 500 555-0167;2
5158;332-555-0114;1
5159;261-555-0150;1
5160;371-555-0193;1
5161;1 (11) 500 555-0189;1
5162;1 (11) 500 555-0175;1
5163;170-555-0180;1
5164;607-555-0149;1
5165;160-555-0138;1
5166;771-555-0133;1
5167;1 (11) 500 555-0188;2
5168;1 (11) 500 555-0149;2
5169;764-555-0133;2
5170;149-555-0174;2
5171;179-555-0120;2
5172;1 (11) 500 555-0146;2
5173;189-555-0188;2
5174;993-555-0127;1
5175;1 (11) 500 555-0118;1
5176;1 (11) 500 555-0172;2
5177;611-555-0154;2
5178;627-555-0144;1
5179;1 (11) 500 555-0180;2
5180;1 (11) 500 555-0165;1
5181;310-555-0191;1
5182;918-555-0129;2
5183;1 (11) 500 555-0137;1
5184;280-555-0163;1
5185;494-555-0132;1
5186;1 (11) 500 555-0174;2
5187;154-555-0141;1
5188;1 (11) 500 555-0181;1
5189;123-555-0114;2
5190;1 (11) 500 555-0184;2
5191;659-555-0151;2
5192;236-555-0115;2
5193;137-555-0114;2
5194;737-555-0162;1
5195;862-555-0136;1
5196;1 (11) 500 555-0156;2
5197;193-555-0187;1
5198;1 (11) 500 555-0142;2
5199;140-555-0185;1
5200;208-555-0143;1
5201;953-555-0127;2
5202;120-555-0141;2
5203;129-555-0139;1
5204;204-555-0126;1
5205;1 (11) 500 555-0148;2
5206;144-555-0188;1
5207;1 (11) 500 555-0112;2
5208;963-555-0118;1
5209;925-555-0114;2
5210;534-555-0131;1
5211;676-555-0120;1
5212;1 (11) 500 555-0147;1
5213;715-555-0157;1
5214;1 (11) 500 555-0173;2
5215;387-555-0167;1
5216;470-555-0194;1
5217;1 (11) 500 555-0150;1
5218;346-555-0178;1
5219;895-555-0130;2
5220;1 (11) 500 555-0119;2
5221;1 (11) 500 555-0186;1
5222;747-555-0113;2
5223;580-555-0160;2
5224;357-555-0115;2
5225;1 (11) 500 555-0151;1
5226;1 (11) 500 555-0187;2
5227;602-555-0122;2
5228;436-555-0167;1
5229;157-555-0115;1
5230;1 (11) 500 555-0146;2
5231;1 (11) 500 555-0186;1
5232;122-555-0168;2
5233;1 (11) 500 555-0111;1
5234;200-555-0144;2
5235;847-555-0162;2
5236;1 (11) 500 555-0164;2
5237;1 (11) 500 555-0161;2
5238;274-555-0149;2
5239;1 (11) 500 555-0110;1
5240;954-555-0118;2
5241;1 (11) 500 555-0117;2
5242;611-555-0183;2
5243;1 (11) 500 555-0186;2
5244;1 (11) 500 555-0163;2
5245;796-555-0118;1
5246;1 (11) 500 555-0118;1
5247;1 (11) 500 555-0111;1
5248;504-555-0140;2
5249;1 (11) 500 555-0130;1
5250;128-555-0129;2
5251;602-555-0178;2
5252;379-555-0143;1
5253;1 (11) 500 555-0155;2
5254;809-555-0150;2
5255;531-555-0124;1
5256;1 (11) 500 555-0113;2
5257;1 (11) 500 555-0119;2
5258;988-555-0176;1
5259;891-555-0117;2
5260;553-555-0117;2
5261;1 (11) 500 555-0177;2
5262;624-555-0118;1
5263;1 (11) 500 555-0127;1
5264;497-555-0140;1
5265;1 (11) 500 555-0132;2
5266;1 (11) 500 555-0118;1
5267;592-555-0113;1
5268;513-555-0110;2
5269;1 (11) 500 555-0160;2
5270;385-555-0155;2
5271;1 (11) 500 555-0192;2
5272;1 (11) 500 555-0185;1
5273;481-555-0111;2
5274;837-555-0153;1
5275;1 (11) 500 555-0112;2
5276;249-555-0189;2
5277;811-555-0134;1
5278;1 (11) 500 555-0124;1
5279;1 (11) 500 555-0117;1
5280;1 (11) 500 555-0115;2
5281;111-555-0166;1
5282;561-555-0136;2
5283;1 (11) 500 555-0125;1
5284;277-555-0122;1
5285;1 (11) 500 555-0174;2
5286;691-555-0141;1
5287;815-555-0195;2
5288;774-555-0131;1
5289;1 (11) 500 555-0149;1
5290;1 (11) 500 555-0120;2
5291;504-555-0114;2
5292;1 (11) 500 555-0162;1
5293;874-555-0150;1
5294;1 (11) 500 555-0115;2
5295;175-555-0147;1
5296;295-555-0116;2
5297;831-555-0111;1
5298;1 (11) 500 555-0119;1
5299;157-555-0121;1
5300;1 (11) 500 555-0122;1
5301;1 (11) 500 555-0124;1
5302;946-555-0134;2
5303;1 (11) 500 555-0110;1
5304;106-555-0117;2
5305;510-555-0110;1
5306;1 (11) 500 555-0180;1
5307;921-555-0181;1
5308;321-555-0190;2
5309;1 (11) 500 555-0162;1
5310;1 (11) 500 555-0128;2
5311;300-555-0119;2
5312;1 (11) 500 555-0132;2
5313;508-555-0172;2
5314;647-555-0159;2
5315;273-555-0126;1
5316;1 (11) 500 555-0130;2
5317;1 (11) 500 555-0119;1
5318;1 (11) 500 555-0118;1
5319;589-555-0121;1
5320;657-555-0175;1
5321;695-555-0124;2
5322;1 (11) 500 555-0112;1
5323;1 (11) 500 555-0147;1
5324;102-555-0131;1
5325;897-555-0173;2
5326;547-555-0182;1
5327;1 (11) 500 555-0118;2
5328;159-555-0145;1
5329;1 (11) 500 555-0182;1
5330;418-555-0130;1
5331;591-555-0131;1
5332;1 (11) 500 555-0150;2
5333;1 (11) 500 555-0150;1
5334;1 (11) 500 555-0145;1
5335;773-555-0117;2
5336;503-555-0182;2
5337;1 (11) 500 555-0197;2
5338;669-555-0150;2
5339;1 (11) 500 555-0167;1
5340;644-555-0115;2
5341;1 (11) 500 555-0163;2
5342;586-555-0151;1
5343;762-555-0151;1
5344;1 (11) 500 555-0118;2
5345;531-555-0122;1
5346;1 (11) 500 555-0163;1
5347;735-555-0115;2
5348;893-555-0174;1
5349;1 (11) 500 555-0121;1
5350;1 (11) 500 555-0144;1
5351;1 (11) 500 555-0117;2
5352;680-555-0163;1
5353;587-555-0116;1
5354;1 (11) 500 555-0120;2
5355;1 (11) 500 555-0189;1
5356;525-555-0193;1
5357;908-555-0172;1
5358;1 (11) 500 555-0185;2
5359;214-555-0114;2
5360;1 (11) 500 555-0146;2
5361;739-555-0115;1
5362;660-555-0162;1
5363;1 (11) 500 555-0152;2
5364;132-555-0146;2
5365;584-555-0167;2
5366;843-555-0120;2
5367;1 (11) 500 555-0162;1
5368;1 (11) 500 555-0153;1
5369;1 (11) 500 555-0147;1
5370;329-555-0157;2
5371;131-555-0198;1
5372;1 (11) 500 555-0176;1
5373;110-555-0172;2
5374;462-555-0111;2
5375;587-555-0116;1
5376;222-555-0147;1
5377;1 (11) 500 555-0147;2
5378;783-555-0176;2
5379;1 (11) 500 555-0119;2
5380;1 (11) 500 555-0181;2
5381;964-555-0148;2
5382;1 (11) 500 555-0179;2
5383;850-555-0191;2
5384;535-555-0185;2
5385;274-555-0163;2
5386;959-555-0116;2
5387;881-555-0188;1
5388;1 (11) 500 555-0129;1
5389;931-555-0160;2
5390;1 (11) 500 555-0173;2
5391;1 (11) 500 555-0123;1
5392;111-555-0199;2
5393;1 (11) 500 555-0155;2
5394;1 (11) 500 555-0130;2
5395;1 (11) 500 555-0134;1
5396;789-555-0146;2
5397;1 (11) 500 555-0122;2
5398;863-555-0165;1
5399;1 (11) 500 555-0130;1
5400;1 (11) 500 555-0155;1
5401;958-555-0115;2
5402;779-555-0194;1
5403;1 (11) 500 555-0184;1
5404;358-555-0157;2
5405;538-555-0167;1
5406;551-555-0182;1
5407;1 (11) 500 555-0192;1
5408;1 (11) 500 555-0118;2
5409;232-555-0160;2
5410;417-555-0118;1
5411;233-555-0198;1
5412;901-555-0172;2
5413;300-555-0115;1
5414;325-555-0145;1
5415;1 (11) 500 555-0184;2
5416;1 (11) 500 555-0135;2
5417;952-555-0172;2
5418;379-555-0177;2
5419;1 (11) 500 555-0111;1
5420;1 (11) 500 555-0179;2
5421;758-555-0180;2
5422;785-555-0118;1
5423;164-555-0140;1
5424;1 (11) 500 555-0136;1
5425;1 (11) 500 555-0194;1
5426;1 (11) 500 555-0189;1
5427;1 (11) 500 555-0137;2
5428;624-555-0189;1
5429;1 (11) 500 555-0145;1
5430;1 (11) 500 555-0114;2
5431;1 (11) 500 555-0133;2
5432;1 (11) 500 555-0193;2
5433;354-555-0116;1
5434;197-555-0199;1
5435;987-555-0118;2
5436;714-555-0144;2
5437;1 (11) 500 555-0186;2
5438;756-555-0134;2
5439;172-555-0113;2
5440;180-555-0196;1
5441;1 (11) 500 555-0168;1
5442;136-555-0168;1
5443;1 (11) 500 555-0159;2
5444;821-555-0180;2
5445;1 (11) 500 555-0116;1
5446;150-555-0115;1
5447;291-555-0166;2
5448;956-555-0161;2
5449;652-555-0183;2
5450;239-555-0151;1
5451;1 (11) 500 555-0185;2
5452;487-555-0115;1
5453;196-555-0178;1
5454;1 (11) 500 555-0110;1
5455;412-555-0112;2
5456;1 (11) 500 555-0169;2
5457;1 (11) 500 555-0187;2
5458;159-555-0117;2
5459;855-555-0185;1
5460;1 (11) 500 555-0138;2
5461;541-555-0186;1
5462;1 (11) 500 555-0128;1
5463;171-555-0126;1
5464;682-555-0116;1
5465;1 (11) 500 555-0164;2
5466;679-555-0151;2
5467;1 (11) 500 555-0120;1
5468;418-555-0127;2
5469;1 (11) 500 555-0154;1
5470;743-555-0148;1
5471;1 (11) 500 555-0129;1
5472;124-555-0182;1
5473;1 (11) 500 555-0165;2
5474;160-555-0157;2
5475;863-555-0195;1
5476;246-555-0155;1
5477;630-555-0138;1
5478;1 (11) 500 555-0177;2
5479;716-555-0173;1
5480;893-555-0154;2
5481;1 (11) 500 555-0149;2
5482;1 (11) 500 555-0175;1
5483;175-555-0139;1
5484;1 (11) 500 555-0194;1
5485;1 (11) 500 555-0155;2
5486;1 (11) 500 555-0123;2
5487;355-555-0171;2
5488;914-555-0128;1
5489;553-555-0149;2
5490;1 (11) 500 555-0169;1
5491;150-555-0143;2
5492;1 (11) 500 555-0168;1
5493;609-555-0151;1
5494;528-555-0110;1
5495;622-555-0113;1
5496;831-555-0184;1
5497;695-555-0117;2
5498;1 (11) 500 555-0119;2
5499;1 (11) 500 555-0165;1
5500;466-555-0180;2
5501;143-555-0139;1
5502;477-555-0181;2
5503;647-555-0136;1
5504;754-555-0137;2
5505;579-555-0138;1
5506;527-555-0124;2
5507;1 (11) 500 555-0192;1
5508;548-555-0129;1
5509;1 (11) 500 555-0142;1
5510;1 (11) 500 555-0163;1
5511;1 (11) 500 555-0184;1
5512;306-555-0143;1
5513;1 (11) 500 555-0156;1
5514;1 (11) 500 555-0130;2
5515;193-555-0161;2
5516;273-555-0153;1
5517;170-555-0112;2
5518;648-555-0158;1
5519;969-555-0160;1
5520;681-555-0150;1
5521;1 (11) 500 555-0155;1
5522;685-555-0147;1
5523;841-555-0194;1
5524;1 (11) 500 555-0178;1
5525;1 (11) 500 555-0144;1
5526;1 (11) 500 555-0184;2
5527;605-555-0159;2
5528;1 (11) 500 555-0175;1
5529;500-555-0177;2
5530;1 (11) 500 555-0150;2
5531;1 (11) 500 555-0142;1
5532;1 (11) 500 555-0114;2
5533;385-555-0145;1
5534;1 (11) 500 555-0116;1
5535;630-555-0191;2
5536;966-555-0176;1
5537;1 (11) 500 555-0185;2
5538;663-555-0163;2
5539;871-555-0172;1
5540;1 (11) 500 555-0170;1
5541;786-555-0137;1
5542;1 (11) 500 555-0158;1
5543;1 (11) 500 555-0165;2
5544;1 (11) 500 555-0178;1
5545;1 (11) 500 555-0193;2
5546;711-555-0115;2
5547;1 (11) 500 555-0192;2
5548;717-555-0162;2
5549;757-555-0160;1
5550;230-555-0192;2
5551;466-555-0118;2
5552;1 (11) 500 555-0154;2
5553;615-555-0157;1
5554;1 (11) 500 555-0132;1
5555;294-555-0181;1
5556;164-555-0159;2
5557;296-555-0115;2
5558;1 (11) 500 555-0161;1
5559;1 (11) 500 555-0152;1
5560;475-555-0114;1
5561;670-555-0141;2
5562;1 (11) 500 555-0123;2
5563;230-555-0124;1
5564;1 (11) 500 555-0117;1
5565;843-555-0112;1
5566;1 (11) 500 555-0199;2
5567;1 (11) 500 555-0161;2
5568;604-555-0176;1
5569;243-555-0128;2
5570;1 (11) 500 555-0142;2
5571;1 (11) 500 555-0183;2
5572;1 (11) 500 555-0177;2
5573;1 (11) 500 555-0115;1
5574;435-555-0140;1
5575;1 (11) 500 555-0150;2
5576;109-555-0114;2
5577;445-555-0186;1
5578;1 (11) 500 555-0180;2
5579;1 (11) 500 555-0113;1
5580;1 (11) 500 555-0132;2
5581;392-555-0153;1
5582;507-555-0125;1
5583;112-555-0143;2
5584;777-555-0132;1
5585;1 (11) 500 555-0179;1
5586;1 (11) 500 555-0112;2
5587;318-555-0167;1
5588;1 (11) 500 555-0149;1
5589;1 (11) 500 555-0171;1
5590;205-555-0110;2
5591;535-555-0112;2
5592;1 (11) 500 555-0184;2
5593;1 (11) 500 555-0139;1
5594;753-555-0111;2
5595;323-555-0159;1
5596;1 (11) 500 555-0148;1
5597;1 (11) 500 555-0137;2
5598;173-555-0176;2
5599;1 (11) 500 555-0121;1
5600;1 (11) 500 555-0145;1
5601;1 (11) 500 555-0115;2
5602;360-555-0110;2
5603;399-555-0199;2
5604;266-555-0110;2
5605;1 (11) 500 555-0174;2
5606;1 (11) 500 555-0179;2
5607;1 (11) 500 555-0157;1
5608;187-555-0111;1
5609;182-555-0167;1
5610;203-555-0156;1
5611;529-555-0118;1
5612;325-555-0127;2
5613;526-555-0175;2
5614;964-555-0153;2
5615;468-555-0178;2
5616;1 (11) 500 555-0191;2
5617;1 (11) 500 555-0157;2
5618;861-555-0111;1
5619;140-555-0183;2
5620;238-555-0127;1
5621;1 (11) 500 555-0125;1
5622;491-555-0190;2
5623;1 (11) 500 555-0191;1
5624;1 (11) 500 555-0180;1
5625;652-555-0150;2
5626;816-555-0151;1
5627;895-555-0166;2
5628;1 (11) 500 555-0188;1
5629;1 (11) 500 555-0146;2
5630;259-555-0181;2
5631;1 (11) 500 555-0196;1
5632;258-555-0153;2
5633;1 (11) 500 555-0155;2
5634;1 (11) 500 555-0156;1
5635;1 (11) 500 555-0161;1
5636;198-555-0132;2
5637;959-555-0119;2
5638;1 (11) 500 555-0190;1
5639;1 (11) 500 555-0162;1
5640;307-555-0136;2
5641;248-555-0172;1
5642;678-555-0111;2
5643;786-555-0117;2
5644;1 (11) 500 555-0115;2
5645;560-555-0134;1
5646;1 (11) 500 555-0141;2
5647;1 (11) 500 555-0166;2
5648;773-555-0121;2
5649;1 (11) 500 555-0125;1
5650;653-555-0159;1
5651;157-555-0182;1
5652;169-555-0119;2
5653;714-555-0150;2
5654;1 (11) 500 555-0154;2
5655;1 (11) 500 555-0118;2
5656;235-555-0178;2
5657;1 (11) 500 555-0171;2
5658;285-555-0139;2
5659;407-555-0164;2
5660;931-555-0117;2
5661;873-555-0162;1
5662;792-555-0115;2
5663;789-555-0114;1
5664;1 (11) 500 555-0189;1
5665;733-555-0116;1
5666;1 (11) 500 555-0152;2
5667;1 (11) 500 555-0195;1
5668;599-555-0171;2
5669;1 (11) 500 555-0137;1
5670;1 (11) 500 555-0159;1
5671;1 (11) 500 555-0173;1
5672;1 (11) 500 555-0144;2
5673;177-555-0147;2
5674;1 (11) 500 555-0146;1
5675;145-555-0188;2
5676;186-555-0112;2
5677;121-555-0117;2
5678;739-555-0114;1
5679;152-555-0130;2
5680;295-555-0132;2
5681;1 (11) 500 555-0127;1
5682;1 (11) 500 555-0126;2
5683;617-555-0182;1
5684;144-555-0120;1
5685;103-555-0134;2
5686;1 (11) 500 555-0111;2
5687;1 (11) 500 555-0131;2
5688;727-555-0111;2
5689;342-555-0170;1
5690;599-555-0144;1
5691;522-555-0149;1
5692;1 (11) 500 555-0145;2
5693;1 (11) 500 555-0188;1
5694;749-555-0158;2
5695;115-555-0113;2
5696;1 (11) 500 555-0127;2
5697;1 (11) 500 555-0165;1
5698;1 (11) 500 555-0118;1
5699;580-555-0116;1
5700;229-555-0184;2
5701;1 (11) 500 555-0180;2
5702;848-555-0128;1
5703;1 (11) 500 555-0154;1
5704;495-555-0147;2
5705;246-555-0115;1
5706;1 (11) 500 555-0151;1
5707;804-555-0129;2
5708;117-555-0180;2
5709;709-555-0190;2
5710;1 (11) 500 555-0127;1
5711;603-555-0167;2
5712;126-555-0133;1
5713;1 (11) 500 555-0115;2
5714;360-555-0165;2
5715;1 (11) 500 555-0148;1
5716;1 (11) 500 555-0114;1
5717;813-555-0168;1
5718;1 (11) 500 555-0112;1
5719;1 (11) 500 555-0192;2
5720;425-555-0117;2
5721;677-555-0112;2
5722;1 (11) 500 555-0119;1
5723;659-555-0155;1
5724;696-555-0143;1
5725;1 (11) 500 555-0130;2
5726;860-555-0179;1
5727;427-555-0142;2
5728;507-555-0173;1
5729;1 (11) 500 555-0198;2
5730;404-555-0141;1
5731;1 (11) 500 555-0154;1
5732;916-555-0172;1
5733;514-555-0198;1
5734;1 (11) 500 555-0178;2
5735;1 (11) 500 555-0122;1
5736;906-555-0113;2
5737;102-555-0176;2
5738;232-555-0158;2
5739;112-555-0119;1
5740;1 (11) 500 555-0128;2
5741;458-555-0162;1
5742;657-555-0140;1
5743;580-555-0126;2
5744;1 (11) 500 555-0158;1
5745;1 (11) 500 555-0180;1
5746;1 (11) 500 555-0145;1
5747;1 (11) 500 555-0148;1
5748;392-555-0163;1
5749;464-555-0163;1
5750;219-555-0111;2
5751;1 (11) 500 555-0129;1
5752;242-555-0183;1
5753;781-555-0134;2
5754;283-555-0130;2
5755;846-555-0126;1
5756;1 (11) 500 555-0147;2
5757;258-555-0160;1
5758;1 (11) 500 555-0170;1
5759;1 (11) 500 555-0197;2
5760;578-555-0154;1
5761;1 (11) 500 555-0164;2
5762;902-555-0132;1
5763;473-555-0199;1
5764;340-555-0171;1
5765;948-555-0151;1
5766;1 (11) 500 555-0167;1
5767;107-555-0173;2
5768;226-555-0116;2
5769;1 (11) 500 555-0146;2
5770;793-555-0118;1
5771;1 (11) 500 555-0131;1
5772;1 (11) 500 555-0189;2
5773;751-555-0117;2
5774;161-555-0138;1
5775;780-555-0110;2
5776;535-555-0196;1
5777;116-555-0177;1
5778;1 (11) 500 555-0184;2
5779;486-555-0196;2
5780;209-555-0144;2
5781;608-555-0117;1
5782;365-555-0137;1
5783;1 (11) 500 555-0118;1
5784;344-555-0150;1
5785;1 (11) 500 555-0154;1
5786;632-555-0127;2
5787;1 (11) 500 555-0176;2
5788;1 (11) 500 555-0131;2
5789;1 (11) 500 555-0142;2
5790;1 (11) 500 555-0184;1
5791;1 (11) 500 555-0180;2
5792;1 (11) 500 555-0168;1
5793;824-555-0115;2
5794;1 (11) 500 555-0167;1
5795;317-555-0116;1
5796;638-555-0180;2
5797;403-555-0189;1
5798;1 (11) 500 555-0125;1
5799;1 (11) 500 555-0128;1
5800;118-555-0173;1
5801;637-555-0121;1
5802;126-555-0120;1
5803;1 (11) 500 555-0164;1
5804;1 (11) 500 555-0113;2
5805;876-555-0174;1
5806;682-555-0114;1
5807;970-555-0114;2
5808;322-555-0111;2
5809;292-555-0173;2
5810;1 (11) 500 555-0139;2
5811;1 (11) 500 555-0142;1
5812;625-555-0186;2
5813;1 (11) 500 555-0186;2
5814;1 (11) 500 555-0111;1
5815;915-555-0172;2
5816;131-555-0124;1
5817;869-555-0169;1
5818;1 (11) 500 555-0117;1
5819;1 (11) 500 555-0137;1
5820;980-555-0166;2
5821;163-555-0159;2
5822;944-555-0110;1
5823;431-555-0163;2
5824;640-555-0153;2
5825;1 (11) 500 555-0117;2
5826;1 (11) 500 555-0152;1
5827;1 (11) 500 555-0161;1
5828;110-555-0111;2
5829;624-555-0194;1
5830;480-555-0162;2
5831;1 (11) 500 555-0131;1
5832;1 (11) 500 555-0116;2
5833;125-555-0141;2
5834;861-555-0126;2
5835;1 (11) 500 555-0141;2
5836;1 (11) 500 555-0158;1
5837;1 (11) 500 555-0144;1
5838;1 (11) 500 555-0152;1
5839;1 (11) 500 555-0187;2
5840;334-555-0131;1
5841;1 (11) 500 555-0111;1
5842;137-555-0149;2
5843;636-555-0111;2
5844;909-555-0167;1
5845;115-555-0124;2
5846;285-555-0183;1
5847;1 (11) 500 555-0126;2
5848;574-555-0191;2
5849;101-555-0111;1
5850;1 (11) 500 555-0122;2
5851;1 (11) 500 555-0110;2
5852;1 (11) 500 555-0186;1
5853;195-555-0181;1
5854;1 (11) 500 555-0187;1
5855;371-555-0169;1
5856;622-555-0136;2
5857;596-555-0113;1
5858;1 (11) 500 555-0191;2
5859;1 (11) 500 555-0140;2
5860;1 (11) 500 555-0127;1
5861;1 (11) 500 555-0112;2
5862;1 (11) 500 555-0157;2
5863;1 (11) 500 555-0116;2
5864;1 (11) 500 555-0125;2
5865;161-555-0156;2
5866;1 (11) 500 555-0141;2
5867;1 (11) 500 555-0177;2
5868;308-555-0168;1
5869;1 (11) 500 555-0123;1
5870;1 (11) 500 555-0115;2
5871;1 (11) 500 555-0140;1
5872;617-555-0150;2
5873;865-555-0127;1
5874;1 (11) 500 555-0194;2
5875;1 (11) 500 555-0118;1
5876;502-555-0188;1
5877;595-555-0135;1
5878;1 (11) 500 555-0132;2
5879;1 (11) 500 555-0179;2
5880;1 (11) 500 555-0167;2
5881;269-555-0133;1
5882;1 (11) 500 555-0193;2
5883;1 (11) 500 555-0124;2
5884;449-555-0168;1
5885;1 (11) 500 555-0183;1
5886;736-555-0111;2
5887;409-555-0142;2
5888;684-555-0119;1
5889;810-555-0112;1
5890;1 (11) 500 555-0189;2
5891;512-555-0128;2
5892;1 (11) 500 555-0191;1
5893;148-555-0130;1
5894;154-555-0176;2
5895;1 (11) 500 555-0156;1
5896;706-555-0161;1
5897;114-555-0158;2
5898;1 (11) 500 555-0159;2
5899;240-555-0159;1
5900;337-555-0173;1
5901;1 (11) 500 555-0171;1
5902;1 (11) 500 555-0143;2
5903;621-555-0181;1
5904;243-555-0137;1
5905;1 (11) 500 555-0114;2
5906;1 (11) 500 555-0134;2
5907;1 (11) 500 555-0121;1
5908;447-555-0164;1
5909;127-555-0153;2
5910;100-555-0155;1
5911;1 (11) 500 555-0135;2
5912;188-555-0159;1
5913;330-555-0193;2
5914;200-555-0143;1
5915;783-555-0162;2
5916;788-555-0115;2
5917;454-555-0116;1
5918;922-555-0134;2
5919;1 (11) 500 555-0184;2
5920;1 (11) 500 555-0138;2
5921;1 (11) 500 555-0144;1
5922;1 (11) 500 555-0191;2
5923;699-555-0198;2
5924;108-555-0126;1
5925;673-555-0165;2
5926;508-555-0111;2
5927;1 (11) 500 555-0112;1
5928;895-555-0151;1
5929;1 (11) 500 555-0113;2
5930;941-555-0190;1
5931;426-555-0175;1
5932;720-555-0114;2
5933;1 (11) 500 555-0115;1
5934;171-555-0176;2
5935;1 (11) 500 555-0193;1
5936;1 (11) 500 555-0119;2
5937;460-555-0156;2
5938;1 (11) 500 555-0166;1
5939;1 (11) 500 555-0180;1
5940;1 (11) 500 555-0123;2
5941;271-555-0191;2
5942;1 (11) 500 555-0173;1
5943;1 (11) 500 555-0169;1
5944;1 (11) 500 555-0182;1
5945;1 (11) 500 555-0165;1
5946;1 (11) 500 555-0153;1
5947;1 (11) 500 555-0114;2
5948;957-555-0196;1
5949;716-555-0157;1
5950;508-555-0156;1
5951;334-555-0173;1
5952;1 (11) 500 555-0167;1
5953;146-555-0160;1
5954;1 (11) 500 555-0172;2
5955;1 (11) 500 555-0145;1
5956;1 (11) 500 555-0156;2
5957;141-555-0126;2
5958;1 (11) 500 555-0126;2
5959;1 (11) 500 555-0117;1
5960;296-555-0181;2
5961;1 (11) 500 555-0119;1
5962;1 (11) 500 555-0131;2
5963;459-555-0188;2
5964;161-555-0172;2
5965;161-555-0119;2
5966;795-555-0137;2
5967;712-555-0192;1
5968;164-555-0161;1
5969;1 (11) 500 555-0150;2
5970;131-555-0124;2
5971;1 (11) 500 555-0112;1
5972;1 (11) 500 555-0137;2
5973;509-555-0189;1
5974;1 (11) 500 555-0163;2
5975;1 (11) 500 555-0166;1
5976;250-555-0110;2
5977;295-555-0171;1
5978;667-555-0117;2
5979;1 (11) 500 555-0120;1
5980;148-555-0190;1
5981;601-555-0110;1
5982;147-555-0121;1
5983;1 (11) 500 555-0115;1
5984;1 (11) 500 555-0116;1
5985;416-555-0128;2
5986;1 (11) 500 555-0157;1
5987;113-555-0134;1
5988;654-555-0128;2
5989;222-555-0153;2
5990;1 (11) 500 555-0150;2
5991;601-555-0167;1
5992;955-555-0170;2
5993;1 (11) 500 555-0197;2
5994;810-555-0121;2
5995;240-555-0173;1
5996;258-555-0112;2
5997;1 (11) 500 555-0199;1
5998;826-555-0171;1
5999;1 (11) 500 555-0144;2
6000;668-555-0143;1
6001;1 (11) 500 555-0186;1
6002;463-555-0170;1
6003;1 (11) 500 555-0163;2
6004;226-555-0127;1
6005;968-555-0187;1
6006;886-555-0112;2
6007;991-555-0133;1
6008;718-555-0125;1
6009;1 (11) 500 555-0159;1
6010;1 (11) 500 555-0120;1
6011;1 (11) 500 555-0199;1
6012;891-555-0125;1
6013;1 (11) 500 555-0124;2
6014;385-555-0123;2
6015;143-555-0118;2
6016;571-555-0176;1
6017;828-555-0112;2
6018;884-555-0114;2
6019;1 (11) 500 555-0119;1
6020;1 (11) 500 555-0127;2
6021;673-555-0152;2
6022;1 (11) 500 555-0127;1
6023;506-555-0135;1
6024;161-555-0122;2
6025;1 (11) 500 555-0141;2
6026;231-555-0113;2
6027;1 (11) 500 555-0131;2
6028;587-555-0173;2
6029;764-555-0139;1
6030;488-555-0164;1
6031;208-555-0186;1
6032;684-555-0133;1
6033;441-555-0132;2
6034;1 (11) 500 555-0139;2
6035;1 (11) 500 555-0114;1
6036;168-555-0167;2
6037;406-555-0179;2
6038;679-555-0115;1
6039;1 (11) 500 555-0112;1
6040;1 (11) 500 555-0114;1
6041;1 (11) 500 555-0113;1
6042;516-555-0191;1
6043;1 (11) 500 555-0148;1
6044;666-555-0142;2
6045;1 (11) 500 555-0182;2
6046;1 (11) 500 555-0176;1
6047;1 (11) 500 555-0160;2
6048;1 (11) 500 555-0148;2
6049;693-555-0168;2
6050;216-555-0178;1
6051;958-555-0156;1
6052;583-555-0171;2
6053;153-555-0152;1
6054;124-555-0139;2
6055;230-555-0144;2
6056;1 (11) 500 555-0164;1
6057;898-555-0192;1
6058;1 (11) 500 555-0171;2
6059;1 (11) 500 555-0112;1
6060;1 (11) 500 555-0154;1
6061;1 (11) 500 555-0125;2
6062;190-555-0177;1
6063;250-555-0115;2
6064;984-555-0137;2
6065;329-555-0171;2
6066;1 (11) 500 555-0145;1
6067;410-555-0148;1
6068;423-555-0118;1
6069;1 (11) 500 555-0153;2
6070;174-555-0134;2
6071;639-555-0142;2
6072;142-555-0199;1
6073;1 (11) 500 555-0164;2
6074;564-555-0137;1
6075;1 (11) 500 555-0131;2
6076;402-555-0113;2
6077;1 (11) 500 555-0116;2
6078;475-555-0151;2
6079;152-555-0134;1
6080;1 (11) 500 555-0126;2
6081;227-555-0138;2
6082;653-555-0115;2
6083;1 (11) 500 555-0191;2
6084;552-555-0114;2
6085;1 (11) 500 555-0136;1
6086;1 (11) 500 555-0133;2
6087;490-555-0162;2
6088;1 (11) 500 555-0148;2
6089;1 (11) 500 555-0110;2
6090;847-555-0167;2
6091;1 (11) 500 555-0177;2
6092;519-555-0183;2
6093;402-555-0128;2
6094;1 (11) 500 555-0179;2
6095;938-555-0177;1
6096;767-555-0113;2
6097;1 (11) 500 555-0146;1
6098;569-555-0124;2
6099;982-555-0111;2
6100;1 (11) 500 555-0174;1
6101;811-555-0150;2
6102;1 (11) 500 555-0159;2
6103;324-555-0153;1
6104;1 (11) 500 555-0148;2
6105;426-555-0158;2
6106;237-555-0170;2
6107;1 (11) 500 555-0190;2
6108;165-555-0173;2
6109;409-555-0152;1
6110;1 (11) 500 555-0125;1
6111;570-555-0136;1
6112;142-555-0173;1
6113;1 (11) 500 555-0182;1
6114;370-555-0172;2
6115;1 (11) 500 555-0157;1
6116;1 (11) 500 555-0128;1
6117;1 (11) 500 555-0110;1
6118;179-555-0125;2
6119;1 (11) 500 555-0194;2
6120;115-555-0193;2
6121;126-555-0160;1
6122;1 (11) 500 555-0177;1
6123;925-555-0143;1
6124;324-555-0171;1
6125;744-555-0184;1
6126;1 (11) 500 555-0152;2
6127;591-555-0114;2
6128;1 (11) 500 555-0177;1
6129;1 (11) 500 555-0126;1
6130;1 (11) 500 555-0118;2
6131;1 (11) 500 555-0138;1
6132;1 (11) 500 555-0166;1
6133;1 (11) 500 555-0118;1
6134;1 (11) 500 555-0110;1
6135;1 (11) 500 555-0152;2
6136;164-555-0113;1
6137;452-555-0118;2
6138;1 (11) 500 555-0123;1
6139;904-555-0173;1
6140;259-555-0116;1
6141;284-555-0154;2
6142;1 (11) 500 555-0186;2
6143;875-555-0192;2
6144;957-555-0191;2
6145;1 (11) 500 555-0158;2
6146;619-555-0166;2
6147;925-555-0172;1
6148;1 (11) 500 555-0121;1
6149;1 (11) 500 555-0171;1
6150;1 (11) 500 555-0125;1
6151;1 (11) 500 555-0113;1
6152;1 (11) 500 555-0165;1
6153;424-555-0119;2
6154;165-555-0125;1
6155;838-555-0173;2
6156;1 (11) 500 555-0186;2
6157;1 (11) 500 555-0112;1
6158;1 (11) 500 555-0153;2
6159;1 (11) 500 555-0180;2
6160;1 (11) 500 555-0192;1
6161;963-555-0171;1
6162;1 (11) 500 555-0178;2
6163;243-555-0174;2
6164;1 (11) 500 555-0161;1
6165;318-555-0116;2
6166;375-555-0116;2
6167;1 (11) 500 555-0143;1
6168;684-555-0160;1
6169;694-555-0162;2
6170;117-555-0135;1
6171;163-555-0111;1
6172;1 (11) 500 555-0158;1
6173;1 (11) 500 555-0121;2
6174;1 (11) 500 555-0192;1
6175;1 (11) 500 555-0137;2
6176;641-555-0146;2
6177;1 (11) 500 555-0154;2
6178;806-555-0157;1
6179;787-555-0152;1
6180;1 (11) 500 555-0165;2
6181;132-555-0155;1
6182;1 (11) 500 555-0110;2
6183;1 (11) 500 555-0121;2
6184;1 (11) 500 555-0179;2
6185;1 (11) 500 555-0159;2
6186;1 (11) 500 555-0129;1
6187;130-555-0176;2
6188;1 (11) 500 555-0190;1
6189;1 (11) 500 555-0177;1
6190;1 (11) 500 555-0117;1
6191;556-555-0193;2
6192;359-555-0188;2
6193;1 (11) 500 555-0115;2
6194;502-555-0179;1
6195;580-555-0119;1
6196;960-555-0194;2
6197;271-555-0119;2
6198;159-555-0110;1
6199;1 (11) 500 555-0121;1
6200;1 (11) 500 555-0115;2
6201;1 (11) 500 555-0151;1
6202;1 (11) 500 555-0118;2
6203;669-555-0153;1
6204;1 (11) 500 555-0126;1
6205;768-555-0153;2
6206;1 (11) 500 555-0135;2
6207;163-555-0158;1
6208;1 (11) 500 555-0161;1
6209;472-555-0138;1
6210;1 (11) 500 555-0191;1
6211;650-555-0164;1
6212;595-555-0112;1
6213;448-555-0169;2
6214;1 (11) 500 555-0194;2
6215;1 (11) 500 555-0113;2
6216;106-555-0116;1
6217;1 (11) 500 555-0185;1
6218;585-555-0172;1
6219;354-555-0177;2
6220;1 (11) 500 555-0162;2
6221;1 (11) 500 555-0186;1
6222;1 (11) 500 555-0196;1
6223;346-555-0177;1
6224;1 (11) 500 555-0139;2
6225;1 (11) 500 555-0117;1
6226;186-555-0185;1
6227;277-555-0186;2
6228;660-555-0176;2
6229;1 (11) 500 555-0184;1
6230;1 (11) 500 555-0119;1
6231;226-555-0182;2
6232;423-555-0171;1
6233;1 (11) 500 555-0159;1
6234;1 (11) 500 555-0189;2
6235;1 (11) 500 555-0178;1
6236;1 (11) 500 555-0127;2
6237;240-555-0110;2
6238;1 (11) 500 555-0148;2
6239;1 (11) 500 555-0112;2
6240;246-555-0175;2
6241;449-555-0114;2
6242;1 (11) 500 555-0167;1
6243;280-555-0155;2
6244;1 (11) 500 555-0112;1
6245;716-555-0137;1
6246;442-555-0132;2
6247;412-555-0173;1
6248;857-555-0148;2
6249;245-555-0172;1
6250;332-555-0111;2
6251;690-555-0141;2
6252;805-555-0170;2
6253;1 (11) 500 555-0177;2
6254;1 (11) 500 555-0190;2
6255;270-555-0123;1
6256;142-555-0139;1
6257;921-555-0114;2
6258;154-555-0151;2
6259;1 (11) 500 555-0142;2
6260;678-555-0120;2
6261;537-555-0113;1
6262;1 (11) 500 555-0166;2
6263;1 (11) 500 555-0152;1
6264;1 (11) 500 555-0135;2
6265;1 (11) 500 555-0159;2
6266;1 (11) 500 555-0140;2
6267;256-555-0186;2
6268;1 (11) 500 555-0115;2
6269;372-555-0193;1
6270;1 (11) 500 555-0162;1
6271;954-555-0119;2
6272;1 (11) 500 555-0168;2
6273;1 (11) 500 555-0165;1
6274;952-555-0132;1
6275;224-555-0124;2
6276;1 (11) 500 555-0182;1
6277;1 (11) 500 555-0119;1
6278;1 (11) 500 555-0191;1
6279;905-555-0149;2
6280;188-555-0115;2
6281;1 (11) 500 555-0173;1
6282;216-555-0183;2
6283;541-555-0141;1
6284;1 (11) 500 555-0114;1
6285;1 (11) 500 555-0116;1
6286;121-555-0169;2
6287;833-555-0111;2
6288;1 (11) 500 555-0193;2
6289;578-555-0160;2
6290;1 (11) 500 555-0140;1
6291;143-555-0130;2
6292;1 (11) 500 555-0146;1
6293;847-555-0174;2
6294;922-555-0163;1
6295;139-555-0132;1
6296;1 (11) 500 555-0161;1
6297;1 (11) 500 555-0198;2
6298;287-555-0142;2
6299;1 (11) 500 555-0119;1
6300;1 (11) 500 555-0146;1
6301;979-555-0198;2
6302;1 (11) 500 555-0163;2
6303;809-555-0161;1
6304;829-555-0110;1
6305;774-555-0152;1
6306;1 (11) 500 555-0179;1
6307;1 (11) 500 555-0178;2
6308;120-555-0136;1
6309;536-555-0117;2
6310;506-555-0155;2
6311;1 (11) 500 555-0116;1
6312;973-555-0195;2
6313;1 (11) 500 555-0184;2
6314;1 (11) 500 555-0127;1
6315;399-555-0196;2
6316;144-555-0132;1
6317;1 (11) 500 555-0156;1
6318;319-555-0148;1
6319;1 (11) 500 555-0179;2
6320;517-555-0180;2
6321;857-555-0113;1
6322;1 (11) 500 555-0178;1
6323;1 (11) 500 555-0130;2
6324;193-555-0131;1
6325;602-555-0169;2
6326;1 (11) 500 555-0172;2
6327;1 (11) 500 555-0187;2
6328;298-555-0161;2
6329;1 (11) 500 555-0173;2
6330;1 (11) 500 555-0182;2
6331;717-555-0118;2
6332;743-555-0192;1
6333;571-555-0120;2
6334;906-555-0115;1
6335;403-555-0196;2
6336;1 (11) 500 555-0158;1
6337;1 (11) 500 555-0138;2
6338;1 (11) 500 555-0177;1
6339;366-555-0160;1
6340;154-555-0163;2
6341;1 (11) 500 555-0115;1
6342;174-555-0123;1
6343;1 (11) 500 555-0141;2
6344;1 (11) 500 555-0185;2
6345;387-555-0129;1
6346;990-555-0196;2
6347;1 (11) 500 555-0149;1
6348;1 (11) 500 555-0122;1
6349;706-555-0117;2
6350;380-555-0195;1
6351;1 (11) 500 555-0122;2
6352;174-555-0120;1
6353;1 (11) 500 555-0118;1
6354;1 (11) 500 555-0116;1
6355;596-555-0114;2
6356;1 (11) 500 555-0118;1
6357;1 (11) 500 555-0171;2
6358;1 (11) 500 555-0132;1
6359;1 (11) 500 555-0161;2
6360;1 (11) 500 555-0116;1
6361;1 (11) 500 555-0134;2
6362;1 (11) 500 555-0130;2
6363;1 (11) 500 555-0199;2
6364;1 (11) 500 555-0116;1
6365;525-555-0165;2
6366;1 (11) 500 555-0115;2
6367;1 (11) 500 555-0147;1
6368;1 (11) 500 555-0181;1
6369;901-555-0171;1
6370;151-555-0130;1
6371;1 (11) 500 555-0125;2
6372;1 (11) 500 555-0135;1
6373;988-555-0116;1
6374;1 (11) 500 555-0122;2
6375;847-555-0149;2
6376;503-555-0179;2
6377;1 (11) 500 555-0169;2
6378;574-555-0154;2
6379;387-555-0113;1
6380;632-555-0118;2
6381;1 (11) 500 555-0197;2
6382;919-555-0119;1
6383;760-555-0121;1
6384;1 (11) 500 555-0129;1
6385;1 (11) 500 555-0136;2
6386;1 (11) 500 555-0187;2
6387;143-555-0119;2
6388;989-555-0137;1
6389;424-555-0139;2
6390;986-555-0139;1
6391;1 (11) 500 555-0121;2
6392;1 (11) 500 555-0116;1
6393;793-555-0193;1
6394;1 (11) 500 555-0117;2
6395;1 (11) 500 555-0153;1
6396;520-555-0123;1
6397;292-555-0156;1
6398;192-555-0122;1
6399;553-555-0137;1
6400;1 (11) 500 555-0150;1
6401;149-555-0113;2
6402;225-555-0129;2
6403;144-555-0194;1
6404;1 (11) 500 555-0110;2
6405;909-555-0148;2
6406;366-555-0165;2
6407;145-555-0164;1
6408;327-555-0114;1
6409;847-555-0120;1
6410;137-555-0157;2
6411;1 (11) 500 555-0181;2
6412;1 (11) 500 555-0194;2
6413;1 (11) 500 555-0164;1
6414;949-555-0111;1
6415;380-555-0156;2
6416;1 (11) 500 555-0143;1
6417;222-555-0131;2
6418;419-555-0193;1
6419;1 (11) 500 555-0115;2
6420;1 (11) 500 555-0192;1
6421;150-555-0187;2
6422;1 (11) 500 555-0196;2
6423;1 (11) 500 555-0149;2
6424;121-555-0113;2
6425;114-555-0149;1
6426;1 (11) 500 555-0194;1
6427;1 (11) 500 555-0193;2
6428;1 (11) 500 555-0164;2
6429;1 (11) 500 555-0118;2
6430;410-555-0133;2
6431;513-555-0125;2
6432;1 (11) 500 555-0169;1
6433;1 (11) 500 555-0142;2
6434;873-555-0185;2
6435;114-555-0137;2
6436;1 (11) 500 555-0119;2
6437;726-555-0190;1
6438;1 (11) 500 555-0175;1
6439;1 (11) 500 555-0185;2
6440;671-555-0199;2
6441;1 (11) 500 555-0160;2
6442;194-555-0143;2
6443;1 (11) 500 555-0111;2
6444;1 (11) 500 555-0115;2
6445;315-555-0143;2
6446;154-555-0134;2
6447;429-555-0131;1
6448;107-555-0161;1
6449;212-555-0184;1
6450;733-555-0189;1
6451;1 (11) 500 555-0177;2
6452;988-555-0121;2
6453;499-555-0163;2
6454;976-555-0114;2
6455;1 (11) 500 555-0125;1
6456;1 (11) 500 555-0185;1
6457;703-555-0171;2
6458;1 (11) 500 555-0117;1
6459;429-555-0159;1
6460;944-555-0179;1
6461;1 (11) 500 555-0113;2
6462;1 (11) 500 555-0126;1
6463;1 (11) 500 555-0139;2
6464;1 (11) 500 555-0190;2
6465;284-555-0198;1
6466;1 (11) 500 555-0142;2
6467;1 (11) 500 555-0111;2
6468;1 (11) 500 555-0161;1
6469;206-555-0173;1
6470;1 (11) 500 555-0174;2
6471;153-555-0154;1
6472;149-555-0183;1
6473;1 (11) 500 555-0120;2
6474;959-555-0176;2
6475;965-555-0113;2
6476;1 (11) 500 555-0125;1
6477;758-555-0153;2
6478;1 (11) 500 555-0163;1
6479;1 (11) 500 555-0177;1
6480;606-555-0158;2
6481;1 (11) 500 555-0165;2
6482;545-555-0121;2
6483;1 (11) 500 555-0166;1
6484;680-555-0111;2
6485;1 (11) 500 555-0181;2
6486;1 (11) 500 555-0171;2
6487;839-555-0134;1
6488;435-555-0118;1
6489;1 (11) 500 555-0176;2
6490;829-555-0112;2
6491;1 (11) 500 555-0118;1
6492;375-555-0173;2
6493;969-555-0145;1
6494;681-555-0186;1
6495;1 (11) 500 555-0128;1
6496;910-555-0185;1
6497;809-555-0110;2
6498;984-555-0124;1
6499;192-555-0120;1
6500;1 (11) 500 555-0121;2
6501;836-555-0132;2
6502;1 (11) 500 555-0184;2
6503;384-555-0142;1
6504;1 (11) 500 555-0164;1
6505;1 (11) 500 555-0125;2
6506;1 (11) 500 555-0190;1
6507;411-555-0125;1
6508;640-555-0132;2
6509;1 (11) 500 555-0135;2
6510;1 (11) 500 555-0166;2
6511;997-555-0118;2
6512;1 (11) 500 555-0116;1
6513;1 (11) 500 555-0198;1
6514;487-555-0194;2
6515;1 (11) 500 555-0182;1
6516;669-555-0149;1
6517;1 (11) 500 555-0147;2
6518;136-555-0124;1
6519;1 (11) 500 555-0123;2
6520;1 (11) 500 555-0118;2
6521;114-555-0179;2
6522;589-555-0185;2
6523;369-555-0123;2
6524;597-555-0183;1
6525;911-555-0117;2
6526;1 (11) 500 555-0115;1
6527;630-555-0128;1
6528;473-555-0111;1
6529;1 (11) 500 555-0162;2
6530;214-555-0118;2
6531;1 (11) 500 555-0114;1
6532;1 (11) 500 555-0138;2
6533;569-555-0151;1
6534;1 (11) 500 555-0114;2
6535;398-555-0168;2
6536;168-555-0113;2
6537;1 (11) 500 555-0172;1
6538;1 (11) 500 555-0147;1
6539;806-555-0181;2
6540;183-555-0122;2
6541;1 (11) 500 555-0134;1
6542;1 (11) 500 555-0110;1
6543;649-555-0123;1
6544;1 (11) 500 555-0110;2
6545;813-555-0141;1
6546;602-555-0130;2
6547;618-555-0116;2
6548;1 (11) 500 555-0131;2
6549;787-555-0136;2
6550;113-555-0122;2
6551;442-555-0172;1
6552;744-555-0163;2
6553;730-555-0139;1
6554;1 (11) 500 555-0164;1
6555;1 (11) 500 555-0182;1
6556;1 (11) 500 555-0156;1
6557;990-555-0120;1
6558;1 (11) 500 555-0160;2
6559;406-555-0129;2
6560;1 (11) 500 555-0111;1
6561;658-555-0142;2
6562;746-555-0154;1
6563;1 (11) 500 555-0198;1
6564;964-555-0196;2
6565;961-555-0133;2
6566;1 (11) 500 555-0160;2
6567;477-555-0168;1
6568;837-555-0116;2
6569;497-555-0185;2
6570;120-555-0115;2
6571;1 (11) 500 555-0126;1
6572;696-555-0187;2
6573;1 (11) 500 555-0120;2
6574;497-555-0186;1
6575;332-555-0195;2
6576;833-555-0155;1
6577;295-555-0128;1
6578;1 (11) 500 555-0182;1
6579;418-555-0156;2
6580;493-555-0113;2
6581;1 (11) 500 555-0121;2
6582;160-555-0172;2
6583;1 (11) 500 555-0196;1
6584;306-555-0130;2
6585;1 (11) 500 555-0138;2
6586;1 (11) 500 555-0191;2
6587;394-555-0182;1
6588;1 (11) 500 555-0118;2
6589;505-555-0116;1
6590;1 (11) 500 555-0119;2
6591;487-555-0198;2
6592;1 (11) 500 555-0173;1
6593;1 (11) 500 555-0135;1
6594;212-555-0119;1
6595;1 (11) 500 555-0162;1
6596;1 (11) 500 555-0199;2
6597;605-555-0145;1
6598;1 (11) 500 555-0187;1
6599;1 (11) 500 555-0164;2
6600;837-555-0140;1
6601;391-555-0113;1
6602;1 (11) 500 555-0161;1
6603;1 (11) 500 555-0161;2
6604;172-555-0163;1
6605;892-555-0144;2
6606;349-555-0169;1
6607;1 (11) 500 555-0119;1
6608;122-555-0120;1
6609;422-555-0169;2
6610;694-555-0182;2
6611;1 (11) 500 555-0182;2
6612;824-555-0133;2
6613;189-555-0112;1
6614;1 (11) 500 555-0184;1
6615;191-555-0115;2
6616;701-555-0175;2
6617;169-555-0118;1
6618;1 (11) 500 555-0148;1
6619;655-555-0194;1
6620;497-555-0196;2
6621;801-555-0176;1
6622;444-555-0144;2
6623;875-555-0149;1
6624;1 (11) 500 555-0133;2
6625;1 (11) 500 555-0121;2
6626;1 (11) 500 555-0198;2
6627;535-555-0131;2
6628;1 (11) 500 555-0128;1
6629;455-555-0186;2
6630;430-555-0145;2
6631;592-555-0152;1
6632;151-555-0135;1
6633;431-555-0179;1
6634;985-555-0125;2
6635;1 (11) 500 555-0140;1
6636;1 (11) 500 555-0114;1
6637;1 (11) 500 555-0126;1
6638;1 (11) 500 555-0112;2
6639;1 (11) 500 555-0113;1
6640;1 (11) 500 555-0156;1
6641;289-555-0163;2
6642;645-555-0110;1
6643;102-555-0122;2
6644;1 (11) 500 555-0182;1
6645;173-555-0176;1
6646;1 (11) 500 555-0192;1
6647;1 (11) 500 555-0191;1
6648;215-555-0113;1
6649;1 (11) 500 555-0180;1
6650;1 (11) 500 555-0113;1
6651;553-555-0132;2
6652;138-555-0151;2
6653;779-555-0199;1
6654;1 (11) 500 555-0189;1
6655;1 (11) 500 555-0162;2
6656;663-555-0184;2
6657;614-555-0113;1
6658;205-555-0184;2
6659;1 (11) 500 555-0147;2
6660;1 (11) 500 555-0149;1
6661;415-555-0123;1
6662;1 (11) 500 555-0111;2
6663;926-555-0172;1
6664;337-555-0160;1
6665;1 (11) 500 555-0114;2
6666;832-555-0169;1
6667;1 (11) 500 555-0138;1
6668;185-555-0185;1
6669;110-555-0116;2
6670;236-555-0154;1
6671;712-555-0167;2
6672;693-555-0119;2
6673;539-555-0134;1
6674;313-555-0193;2
6675;1 (11) 500 555-0116;1
6676;806-555-0179;2
6677;883-555-0177;2
6678;954-555-0144;2
6679;613-555-0119;2
6680;872-555-0191;2
6681;1 (11) 500 555-0168;1
6682;981-555-0164;2
6683;1 (11) 500 555-0119;2
6684;1 (11) 500 555-0188;1
6685;480-555-0131;2
6686;617-555-0190;2
6687;1 (11) 500 555-0169;1
6688;679-555-0111;1
6689;1 (11) 500 555-0115;2
6690;1 (11) 500 555-0151;1
6691;1 (11) 500 555-0188;1
6692;1 (11) 500 555-0132;1
6693;628-555-0180;2
6694;788-555-0169;1
6695;112-555-0135;1
6696;968-555-0116;2
6697;1 (11) 500 555-0137;1
6698;226-555-0146;2
6699;524-555-0163;2
6700;1 (11) 500 555-0186;2
6701;1 (11) 500 555-0156;2
6702;1 (11) 500 555-0198;2
6703;1 (11) 500 555-0115;1
6704;1 (11) 500 555-0138;1
6705;590-555-0180;2
6706;898-555-0166;1
6707;1 (11) 500 555-0159;2
6708;1 (11) 500 555-0151;1
6709;255-555-0162;2
6710;178-555-0184;2
6711;121-555-0173;1
6712;1 (11) 500 555-0151;1
6713;413-555-0122;1
6714;199-555-0165;1
6715;1 (11) 500 555-0167;2
6716;117-555-0115;2
6717;394-555-0190;2
6718;154-555-0125;2
6719;1 (11) 500 555-0119;1
6720;834-555-0135;1
6721;690-555-0189;1
6722;833-555-0113;1
6723;346-555-0170;2
6724;1 (11) 500 555-0147;1
6725;698-555-0113;2
6726;240-555-0151;2
6727;810-555-0131;2
6728;1 (11) 500 555-0184;2
6729;1 (11) 500 555-0174;2
6730;153-555-0127;2
6731;1 (11) 500 555-0199;2
6732;321-555-0185;1
6733;1 (11) 500 555-0149;2
6734;1 (11) 500 555-0134;2
6735;1 (11) 500 555-0116;2
6736;485-555-0113;1
6737;515-555-0145;2
6738;838-555-0196;2
6739;118-555-0127;2
6740;672-555-0135;2
6741;1 (11) 500 555-0115;2
6742;581-555-0158;2
6743;1 (11) 500 555-0151;1
6744;1 (11) 500 555-0148;2
6745;548-555-0132;1
6746;479-555-0110;2
6747;1 (11) 500 555-0194;2
6748;674-555-0185;1
6749;123-555-0152;1
6750;1 (11) 500 555-0126;1
6751;819-555-0144;2
6752;1 (11) 500 555-0196;1
6753;1 (11) 500 555-0157;1
6754;787-555-0188;1
6755;292-555-0195;2
6756;1 (11) 500 555-0187;1
6757;1 (11) 500 555-0133;1
6758;1 (11) 500 555-0111;2
6759;1 (11) 500 555-0196;1
6760;1 (11) 500 555-0146;1
6761;1 (11) 500 555-0146;1
6762;231-555-0168;2
6763;171-555-0119;2
6764;1 (11) 500 555-0123;1
6765;115-555-0119;1
6766;302-555-0121;1
6767;166-555-0170;1
6768;1 (11) 500 555-0186;2
6769;625-555-0177;1
6770;1 (11) 500 555-0170;1
6771;1 (11) 500 555-0156;1
6772;662-555-0188;1
6773;609-555-0115;1
6774;579-555-0141;1
6775;820-555-0119;1
6776;235-555-0196;2
6777;365-555-0193;2
6778;115-555-0148;2
6779;1 (11) 500 555-0189;1
6780;1 (11) 500 555-0164;1
6781;125-555-0159;2
6782;1 (11) 500 555-0152;1
6783;1 (11) 500 555-0181;2
6784;933-555-0167;1
6785;183-555-0169;2
6786;1 (11) 500 555-0114;1
6787;366-555-0173;2
6788;1 (11) 500 555-0151;2
6789;1 (11) 500 555-0174;1
6790;977-555-0139;1
6791;1 (11) 500 555-0195;1
6792;107-555-0115;2
6793;101-555-0110;2
6794;355-555-0110;1
6795;1 (11) 500 555-0122;2
6796;693-555-0161;1
6797;602-555-0120;1
6798;1 (11) 500 555-0117;1
6799;574-555-0157;2
6800;916-555-0160;1
6801;424-555-0137;1
6802;1 (11) 500 555-0110;1
6803;1 (11) 500 555-0117;1
6804;1 (11) 500 555-0180;1
6805;818-555-0171;1
6806;1 (11) 500 555-0111;1
6807;273-555-0123;1
6808;121-555-0152;2
6809;233-555-0188;1
6810;1 (11) 500 555-0113;2
6811;1 (11) 500 555-0188;1
6812;241-555-0163;1
6813;825-555-0169;2
6814;1 (11) 500 555-0157;1
6815;612-555-0162;2
6816;1 (11) 500 555-0114;2
6817;166-555-0126;2
6818;1 (11) 500 555-0189;1
6819;1 (11) 500 555-0176;1
6820;345-555-0116;1
6821;1 (11) 500 555-0193;1
6822;835-555-0168;2
6823;114-555-0177;2
6824;1 (11) 500 555-0199;2
6825;634-555-0176;1
6826;1 (11) 500 555-0181;2
6827;583-555-0153;2
6828;267-555-0148;1
6829;1 (11) 500 555-0131;2
6830;1 (11) 500 555-0156;2
6831;1 (11) 500 555-0190;1
6832;1 (11) 500 555-0119;2
6833;1 (11) 500 555-0152;1
6834;677-555-0149;1
6835;1 (11) 500 555-0117;2
6836;1 (11) 500 555-0114;2
6837;553-555-0183;1
6838;348-555-0112;2
6839;1 (11) 500 555-0163;1
6840;929-555-0162;1
6841;938-555-0187;1
6842;1 (11) 500 555-0111;1
6843;466-555-0125;1
6844;1 (11) 500 555-0172;1
6845;1 (11) 500 555-0184;1
6846;999-555-0198;2
6847;323-555-0140;2
6848;675-555-0112;2
6849;693-555-0144;2
6850;627-555-0187;2
6851;1 (11) 500 555-0137;1
6852;1 (11) 500 555-0194;1
6853;1 (11) 500 555-0163;2
6854;999-555-0183;1
6855;211-555-0131;2
6856;561-555-0128;1
6857;817-555-0136;1
6858;1 (11) 500 555-0117;1
6859;1 (11) 500 555-0189;2
6860;562-555-0160;2
6861;127-555-0166;2
6862;1 (11) 500 555-0177;2
6863;375-555-0183;1
6864;1 (11) 500 555-0121;1
6865;1 (11) 500 555-0164;1
6866;331-555-0195;2
6867;809-555-0141;1
6868;257-555-0150;2
6869;1 (11) 500 555-0131;1
6870;897-555-0117;2
6871;296-555-0176;2
6872;278-555-0174;1
6873;554-555-0169;2
6874;1 (11) 500 555-0189;2
6875;1 (11) 500 555-0187;2
6876;967-555-0110;1
6877;685-555-0165;2
6878;1 (11) 500 555-0153;2
6879;1 (11) 500 555-0177;2
6880;1 (11) 500 555-0126;1
6881;908-555-0133;2
6882;828-555-0137;2
6883;1 (11) 500 555-0131;2
6884;1 (11) 500 555-0118;1
6885;119-555-0181;1
6886;1 (11) 500 555-0184;1
6887;1 (11) 500 555-0112;1
6888;171-555-0187;2
6889;1 (11) 500 555-0114;1
6890;168-555-0121;1
6891;988-555-0154;1
6892;1 (11) 500 555-0181;1
6893;1 (11) 500 555-0129;2
6894;1 (11) 500 555-0187;2
6895;618-555-0184;1
6896;1 (11) 500 555-0110;1
6897;1 (11) 500 555-0110;1
6898;521-555-0139;2
6899;422-555-0193;2
6900;474-555-0172;1
6901;758-555-0120;2
6902;258-555-0193;1
6903;1 (11) 500 555-0128;1
6904;407-555-0119;2
6905;1 (11) 500 555-0118;1
6906;398-555-0193;2
6907;1 (11) 500 555-0111;1
6908;172-555-0143;2
6909;248-555-0171;2
6910;120-555-0143;2
6911;624-555-0150;2
6912;1 (11) 500 555-0116;2
6913;743-555-0118;1
6914;426-555-0124;1
6915;1 (11) 500 555-0193;1
6916;1 (11) 500 555-0193;2
6917;1 (11) 500 555-0132;1
6918;1 (11) 500 555-0140;1
6919;780-555-0152;2
6920;1 (11) 500 555-0155;1
6921;839-555-0181;1
6922;1 (11) 500 555-0185;1
6923;818-555-0168;2
6924;872-555-0124;2
6925;1 (11) 500 555-0156;2
6926;1 (11) 500 555-0111;1
6927;1 (11) 500 555-0176;2
6928;643-555-0118;2
6929;822-555-0128;2
6930;337-555-0164;2
6931;119-555-0117;1
6932;1 (11) 500 555-0154;2
6933;321-555-0114;2
6934;1 (11) 500 555-0185;2
6935;1 (11) 500 555-0158;2
6936;1 (11) 500 555-0170;1
6937;1 (11) 500 555-0178;2
6938;286-555-0116;2
6939;780-555-0195;2
6940;321-555-0115;1
6941;1 (11) 500 555-0182;2
6942;1 (11) 500 555-0198;1
6943;445-555-0135;1
6944;457-555-0140;1
6945;444-555-0138;2
6946;1 (11) 500 555-0165;1
6947;1 (11) 500 555-0129;2
6948;182-555-0178;1
6949;1 (11) 500 555-0174;2
6950;1 (11) 500 555-0119;2
6951;609-555-0146;2
6952;1 (11) 500 555-0126;1
6953;1 (11) 500 555-0159;1
6954;369-555-0114;2
6955;835-555-0112;1
6956;1 (11) 500 555-0183;2
6957;214-555-0171;2
6958;540-555-0189;1
6959;1 (11) 500 555-0122;1
6960;1 (11) 500 555-0192;2
6961;1 (11) 500 555-0165;1
6962;331-555-0163;1
6963;1 (11) 500 555-0113;1
6964;798-555-0137;2
6965;783-555-0163;2
6966;569-555-0112;2
6967;524-555-0198;1
6968;771-555-0195;2
6969;308-555-0179;2
6970;246-555-0114;2
6971;1 (11) 500 555-0117;1
6972;493-555-0113;2
6973;161-555-0181;1
6974;1 (11) 500 555-0127;1
6975;272-555-0110;1
6976;138-555-0118;2
6977;1 (11) 500 555-0126;2
6978;1 (11) 500 555-0125;2
6979;249-555-0138;1
6980;1 (11) 500 555-0139;1
6981;165-555-0115;1
6982;551-555-0183;1
6983;909-555-0115;1
6984;1 (11) 500 555-0187;2
6985;1 (11) 500 555-0179;1
6986;181-555-0113;2
6987;453-555-0175;2
6988;114-555-0160;1
6989;1 (11) 500 555-0192;2
6990;1 (11) 500 555-0151;1
6991;1 (11) 500 555-0137;2
6992;1 (11) 500 555-0148;1
6993;716-555-0155;2
6994;1 (11) 500 555-0161;1
6995;1 (11) 500 555-0187;1
6996;1 (11) 500 555-0121;1
6997;157-555-0165;1
6998;982-555-0119;2
6999;844-555-0156;1
7000;175-555-0196;2
7001;1 (11) 500 555-0150;1
7002;1 (11) 500 555-0120;1
7003;1 (11) 500 555-0164;2
7004;1 (11) 500 555-0162;2
7005;1 (11) 500 555-0180;1
7006;1 (11) 500 555-0117;2
7007;458-555-0188;2
7008;818-555-0118;2
7009;1 (11) 500 555-0177;1
7010;1 (11) 500 555-0189;1
7011;1 (11) 500 555-0120;2
7012;579-555-0134;1
7013;560-555-0168;1
7014;1 (11) 500 555-0183;2
7015;1 (11) 500 555-0128;1
7016;375-555-0149;2
7017;615-555-0121;1
7018;120-555-0133;1
7019;1 (11) 500 555-0143;1
7020;1 (11) 500 555-0199;2
7021;1 (11) 500 555-0169;1
7022;1 (11) 500 555-0140;2
7023;149-555-0161;1
7024;136-555-0183;2
7025;1 (11) 500 555-0187;1
7026;1 (11) 500 555-0175;1
7027;377-555-0185;2
7028;1 (11) 500 555-0173;1
7029;259-555-0187;1
7030;193-555-0178;2
7031;1 (11) 500 555-0180;2
7032;159-555-0168;1
7033;273-555-0159;1
7034;1 (11) 500 555-0132;2
7035;743-555-0146;2
7036;373-555-0180;1
7037;1 (11) 500 555-0176;2
7038;373-555-0150;1
7039;914-555-0183;2
7040;171-555-0166;1
7041;713-555-0192;1
7042;1 (11) 500 555-0187;1
7043;756-555-0120;2
7044;603-555-0152;1
7045;849-555-0134;1
7046;1 (11) 500 555-0126;2
7047;523-555-0115;1
7048;301-555-0188;2
7049;558-555-0139;2
7050;924-555-0122;1
7051;1 (11) 500 555-0111;1
7052;641-555-0162;1
7053;1 (11) 500 555-0182;1
7054;151-555-0172;1
7055;1 (11) 500 555-0139;1
7056;538-555-0190;2
7057;452-555-0128;1
7058;850-555-0189;1
7059;1 (11) 500 555-0186;2
7060;1 (11) 500 555-0189;1
7061;994-555-0149;1
7062;1 (11) 500 555-0132;2
7063;1 (11) 500 555-0176;1
7064;162-555-0133;1
7065;1 (11) 500 555-0173;1
7066;833-555-0117;2
7067;364-555-0113;2
7068;833-555-0112;1
7069;1 (11) 500 555-0194;1
7070;1 (11) 500 555-0110;1
7071;1 (11) 500 555-0153;1
7072;397-555-0181;2
7073;126-555-0191;1
7074;1 (11) 500 555-0163;2
7075;131-555-0196;2
7076;1 (11) 500 555-0112;1
7077;974-555-0179;2
7078;979-555-0111;2
7079;700-555-0195;1
7080;1 (11) 500 555-0147;2
7081;1 (11) 500 555-0113;1
7082;1 (11) 500 555-0115;2
7083;1 (11) 500 555-0159;1
7084;113-555-0188;1
7085;1 (11) 500 555-0196;2
7086;268-555-0160;2
7087;270-555-0131;2
7088;1 (11) 500 555-0161;1
7089;352-555-0115;1
7090;390-555-0145;1
7091;125-555-0155;1
7092;552-555-0118;1
7093;396-555-0181;2
7094;1 (11) 500 555-0124;2
7095;1 (11) 500 555-0149;1
7096;1 (11) 500 555-0127;1
7097;754-555-0159;2
7098;1 (11) 500 555-0178;1
7099;631-555-0118;1
7100;1 (11) 500 555-0113;2
7101;1 (11) 500 555-0125;2
7102;678-555-0139;2
7103;1 (11) 500 555-0178;2
7104;193-555-0135;2
7105;1 (11) 500 555-0114;2
7106;1 (11) 500 555-0134;1
7107;1 (11) 500 555-0112;2
7108;675-555-0149;2
7109;402-555-0181;2
7110;1 (11) 500 555-0123;1
7111;952-555-0171;2
7112;1 (11) 500 555-0110;1
7113;632-555-0172;1
7114;507-555-0147;1
7115;1 (11) 500 555-0120;2
7116;680-555-0114;1
7117;1 (11) 500 555-0182;1
7118;806-555-0198;1
7119;863-555-0120;2
7120;356-555-0116;2
7121;191-555-0146;1
7122;1 (11) 500 555-0151;2
7123;1 (11) 500 555-0130;1
7124;359-555-0158;2
7125;120-555-0113;1
7126;733-555-0149;1
7127;439-555-0197;1
7128;1 (11) 500 555-0198;2
7129;868-555-0191;2
7130;803-555-0126;1
7131;1 (11) 500 555-0186;1
7132;1 (11) 500 555-0145;1
7133;1 (11) 500 555-0143;2
7134;194-555-0172;1
7135;779-555-0162;2
7136;1 (11) 500 555-0124;1
7137;1 (11) 500 555-0140;1
7138;166-555-0174;2
7139;173-555-0120;1
7140;1 (11) 500 555-0165;1
7141;1 (11) 500 555-0145;1
7142;936-555-0157;2
7143;1 (11) 500 555-0168;2
7144;1 (11) 500 555-0167;1
7145;1 (11) 500 555-0113;2
7146;1 (11) 500 555-0118;2
7147;330-555-0118;1
7148;1 (11) 500 555-0161;1
7149;1 (11) 500 555-0124;2
7150;845-555-0113;1
7151;113-555-0156;1
7152;319-555-0193;2
7153;1 (11) 500 555-0128;2
7154;1 (11) 500 555-0118;1
7155;160-555-0156;2
7156;1 (11) 500 555-0121;1
7157;1 (11) 500 555-0127;1
7158;290-555-0117;1
7159;533-555-0147;2
7160;910-555-0188;2
7161;214-555-0150;2
7162;1 (11) 500 555-0148;2
7163;1 (11) 500 555-0187;2
7164;1 (11) 500 555-0122;1
7165;785-555-0130;2
7166;807-555-0129;1
7167;1 (11) 500 555-0120;2
7168;133-555-0128;2
7169;260-555-0148;1
7170;1 (11) 500 555-0110;1
7171;1 (11) 500 555-0186;2
7172;862-555-0191;2
7173;960-555-0157;1
7174;766-555-0133;1
7175;285-555-0118;2
7176;1 (11) 500 555-0143;1
7177;686-555-0131;1
7178;1 (11) 500 555-0126;2
7179;503-555-0185;1
7180;1 (11) 500 555-0164;1
7181;1 (11) 500 555-0114;2
7182;531-555-0115;2
7183;193-555-0183;2
7184;1 (11) 500 555-0124;2
7185;1 (11) 500 555-0195;1
7186;634-555-0154;2
7187;1 (11) 500 555-0187;2
7188;1 (11) 500 555-0117;1
7189;1 (11) 500 555-0199;1
7190;1 (11) 500 555-0128;1
7191;662-555-0186;2
7192;1 (11) 500 555-0139;1
7193;1 (11) 500 555-0145;2
7194;1 (11) 500 555-0142;1
7195;517-555-0198;2
7196;1 (11) 500 555-0158;1
7197;1 (11) 500 555-0191;1
7198;367-555-0114;1
7199;1 (11) 500 555-0112;2
7200;732-555-0144;1
7201;474-555-0125;1
7202;1 (11) 500 555-0117;1
7203;197-555-0115;2
7204;1 (11) 500 555-0171;1
7205;1 (11) 500 555-0118;1
7206;442-555-0178;1
7207;1 (11) 500 555-0151;2
7208;978-555-0123;1
7209;145-555-0142;2
7210;804-555-0125;2
7211;1 (11) 500 555-0144;1
7212;118-555-0149;2
7213;438-555-0111;2
7214;753-555-0176;1
7215;651-555-0169;2
7216;203-555-0154;1
7217;799-555-0197;1
7218;1 (11) 500 555-0182;1
7219;538-555-0197;1
7220;1 (11) 500 555-0121;2
7221;1 (11) 500 555-0127;2
7222;1 (11) 500 555-0135;1
7223;1 (11) 500 555-0117;1
7224;137-555-0153;1
7225;844-555-0175;2
7226;461-555-0112;2
7227;1 (11) 500 555-0137;2
7228;1 (11) 500 555-0167;2
7229;1 (11) 500 555-0111;2
7230;1 (11) 500 555-0128;2
7231;1 (11) 500 555-0175;2
7232;1 (11) 500 555-0168;2
7233;763-555-0121;1
7234;407-555-0157;2
7235;864-555-0118;1
7236;1 (11) 500 555-0118;2
7237;1 (11) 500 555-0159;2
7238;644-555-0177;2
7239;233-555-0183;1
7240;1 (11) 500 555-0117;2
7241;1 (11) 500 555-0168;1
7242;631-555-0137;1
7243;429-555-0119;2
7244;1 (11) 500 555-0119;2
7245;1 (11) 500 555-0114;1
7246;798-555-0178;1
7247;545-555-0123;1
7248;757-555-0163;2
7249;527-555-0196;2
7250;1 (11) 500 555-0137;1
7251;354-555-0134;2
7252;377-555-0172;2
7253;359-555-0138;1
7254;1 (11) 500 555-0157;2
7255;1 (11) 500 555-0184;2
7256;1 (11) 500 555-0154;2
7257;1 (11) 500 555-0171;2
7258;549-555-0150;2
7259;592-555-0112;2
7260;1 (11) 500 555-0178;1
7261;936-555-0125;1
7262;367-555-0196;2
7263;1 (11) 500 555-0112;2
7264;145-555-0155;2
7265;278-555-0150;2
7266;273-555-0127;1
7267;1 (11) 500 555-0165;1
7268;1 (11) 500 555-0133;1
7269;128-555-0181;1
7270;1 (11) 500 555-0189;1
7271;796-555-0155;1
7272;190-555-0134;2
7273;1 (11) 500 555-0118;1
7274;588-555-0148;1
7275;1 (11) 500 555-0116;1
7276;1 (11) 500 555-0184;1
7277;190-555-0139;1
7278;869-555-0114;2
7279;258-555-0111;2
7280;161-555-0163;1
7281;330-555-0173;2
7282;444-555-0141;1
7283;1 (11) 500 555-0155;1
7284;580-555-0132;1
7285;414-555-0179;2
7286;432-555-0140;1
7287;1 (11) 500 555-0161;2
7288;350-555-0169;1
7289;1 (11) 500 555-0149;1
7290;343-555-0197;1
7291;486-555-0195;2
7292;1 (11) 500 555-0169;1
7293;299-555-0161;2
7294;1 (11) 500 555-0113;1
7295;751-555-0126;1
7296;349-555-0118;1
7297;128-555-0117;2
7298;1 (11) 500 555-0111;1
7299;272-555-0199;2
7300;747-555-0119;1
7301;905-555-0121;1
7302;114-555-0195;2
7303;872-555-0133;2
7304;1 (11) 500 555-0122;1
7305;647-555-0186;1
7306;576-555-0139;1
7307;1 (11) 500 555-0133;2
7308;339-555-0115;2
7309;1 (11) 500 555-0198;1
7310;1 (11) 500 555-0117;1
7311;364-555-0120;2
7312;1 (11) 500 555-0153;2
7313;125-555-0121;1
7314;1 (11) 500 555-0131;2
7315;1 (11) 500 555-0120;1
7316;522-555-0140;1
7317;1 (11) 500 555-0181;2
7318;957-555-0128;1
7319;891-555-0191;1
7320;1 (11) 500 555-0182;1
7321;1 (11) 500 555-0116;1
7322;211-555-0110;2
7323;1 (11) 500 555-0188;1
7324;867-555-0134;2
7325;790-555-0125;1
7326;891-555-0132;1
7327;1 (11) 500 555-0176;2
7328;1 (11) 500 555-0178;2
7329;1 (11) 500 555-0160;2
7330;846-555-0139;2
7331;321-555-0186;1
7332;1 (11) 500 555-0145;1
7333;641-555-0114;1
7334;194-555-0127;2
7335;520-555-0114;1
7336;1 (11) 500 555-0186;2
7337;1 (11) 500 555-0157;2
7338;976-555-0182;2
7339;1 (11) 500 555-0165;2
7340;198-555-0118;1
7341;254-555-0154;2
7342;275-555-0122;2
7343;1 (11) 500 555-0154;1
7344;990-555-0186;2
7345;341-555-0151;2
7346;341-555-0182;1
7347;1 (11) 500 555-0157;2
7348;811-555-0197;1
7349;829-555-0116;2
7350;141-555-0110;1
7351;159-555-0182;2
7352;1 (11) 500 555-0165;2
7353;1 (11) 500 555-0113;2
7354;844-555-0182;1
7355;1 (11) 500 555-0146;2
7356;426-555-0176;1
7357;855-555-0159;2
7358;1 (11) 500 555-0180;2
7359;246-555-0191;1
7360;1 (11) 500 555-0117;1
7361;1 (11) 500 555-0121;2
7362;802-555-0111;2
7363;172-555-0113;1
7364;402-555-0146;1
7365;464-555-0189;1
7366;311-555-0181;2
7367;188-555-0186;2
7368;1 (11) 500 555-0168;2
7369;1 (11) 500 555-0138;2
7370;986-555-0185;1
7371;1 (11) 500 555-0156;2
7372;1 (11) 500 555-0111;2
7373;190-555-0118;1
7374;1 (11) 500 555-0113;1
7375;842-555-0173;2
7376;537-555-0113;2
7377;547-555-0111;2
7378;708-555-0131;1
7379;1 (11) 500 555-0122;1
7380;293-555-0134;1
7381;1 (11) 500 555-0110;1
7382;132-555-0116;2
7383;484-555-0167;2
7384;1 (11) 500 555-0130;1
7385;1 (11) 500 555-0188;1
7386;401-555-0112;2
7387;1 (11) 500 555-0169;1
7388;1 (11) 500 555-0120;2
7389;543-555-0176;1
7390;1 (11) 500 555-0183;2
7391;1 (11) 500 555-0110;1
7392;1 (11) 500 555-0125;2
7393;1 (11) 500 555-0182;2
7394;1 (11) 500 555-0137;2
7395;737-555-0151;2
7396;1 (11) 500 555-0187;1
7397;292-555-0183;1
7398;1 (11) 500 555-0170;2
7399;1 (11) 500 555-0185;2
7400;663-555-0181;2
7401;915-555-0151;1
7402;1 (11) 500 555-0113;1
7403;684-555-0129;1
7404;379-555-0177;2
7405;727-555-0159;2
7406;953-555-0152;2
7407;1 (11) 500 555-0148;2
7408;944-555-0160;2
7409;134-555-0140;2
7410;101-555-0122;2
7411;1 (11) 500 555-0132;1
7412;1 (11) 500 555-0166;1
7413;863-555-0184;2
7414;747-555-0117;2
7415;1 (11) 500 555-0192;1
7416;1 (11) 500 555-0188;2
7417;545-555-0122;2
7418;567-555-0193;2
7419;1 (11) 500 555-0166;1
7420;1 (11) 500 555-0111;1
7421;571-555-0127;1
7422;874-555-0157;1
7423;875-555-0133;2
7424;1 (11) 500 555-0113;2
7425;709-555-0156;1
7426;497-555-0173;2
7427;1 (11) 500 555-0190;1
7428;1 (11) 500 555-0118;1
7429;620-555-0110;1
7430;859-555-0113;1
7431;1 (11) 500 555-0135;1
7432;408-555-0126;1
7433;402-555-0143;2
7434;228-555-0115;1
7435;532-555-0185;2
7436;730-555-0116;2
7437;1 (11) 500 555-0196;1
7438;127-555-0151;1
7439;1 (11) 500 555-0191;2
7440;446-555-0134;1
7441;571-555-0162;1
7442;1 (11) 500 555-0164;2
7443;468-555-0163;1
7444;1 (11) 500 555-0128;1
7445;1 (11) 500 555-0135;2
7446;161-555-0181;2
7447;184-555-0120;1
7448;1 (11) 500 555-0153;2
7449;1 (11) 500 555-0142;1
7450;567-555-0151;1
7451;129-555-0170;1
7452;912-555-0166;2
7453;1 (11) 500 555-0125;1
7454;354-555-0127;1
7455;1 (11) 500 555-0126;2
7456;117-555-0159;1
7457;1 (11) 500 555-0113;2
7458;1 (11) 500 555-0181;2
7459;1 (11) 500 555-0126;1
7460;607-555-0118;2
7461;1 (11) 500 555-0113;2
7462;377-555-0180;1
7463;1 (11) 500 555-0192;1
7464;157-555-0145;1
7465;620-555-0195;2
7466;1 (11) 500 555-0189;2
7467;806-555-0193;2
7468;1 (11) 500 555-0142;1
7469;670-555-0164;2
7470;1 (11) 500 555-0181;2
7471;555-555-0166;1
7472;1 (11) 500 555-0140;1
7473;1 (11) 500 555-0183;1
7474;513-555-0118;2
7475;909-555-0115;1
7476;774-555-0127;1
7477;874-555-0125;2
7478;795-555-0110;1
7479;1 (11) 500 555-0181;1
7480;281-555-0170;2
7481;706-555-0118;1
7482;897-555-0123;1
7483;252-555-0172;1
7484;1 (11) 500 555-0148;1
7485;1 (11) 500 555-0192;2
7486;1 (11) 500 555-0172;2
7487;817-555-0143;2
7488;1 (11) 500 555-0165;2
7489;798-555-0183;2
7490;321-555-0166;2
7491;1 (11) 500 555-0152;2
7492;1 (11) 500 555-0117;2
7493;1 (11) 500 555-0119;1
7494;687-555-0112;2
7495;1 (11) 500 555-0164;2
7496;460-555-0197;1
7497;982-555-0147;2
7498;1 (11) 500 555-0163;2
7499;835-555-0119;1
7500;1 (11) 500 555-0183;2
7501;1 (11) 500 555-0153;1
7502;152-555-0140;1
7503;824-555-0161;1
7504;354-555-0196;2
7505;1 (11) 500 555-0190;2
7506;562-555-0128;1
7507;112-555-0156;2
7508;336-555-0172;2
7509;1 (11) 500 555-0178;2
7510;225-555-0150;2
7511;1 (11) 500 555-0191;1
7512;230-555-0175;1
7513;1 (11) 500 555-0123;2
7514;1 (11) 500 555-0121;2
7515;1 (11) 500 555-0137;1
7516;1 (11) 500 555-0155;2
7517;374-555-0111;2
7518;1 (11) 500 555-0190;2
7519;367-555-0181;1
7520;342-555-0196;1
7521;159-555-0119;1
7522;1 (11) 500 555-0136;2
7523;187-555-0132;2
7524;1 (11) 500 555-0175;1
7525;114-555-0129;2
7526;1 (11) 500 555-0151;1
7527;259-555-0150;1
7528;1 (11) 500 555-0188;1
7529;967-555-0152;2
7530;738-555-0134;1
7531;190-555-0110;2
7532;597-555-0171;1
7533;1 (11) 500 555-0148;1
7534;619-555-0132;1
7535;1 (11) 500 555-0178;1
7536;1 (11) 500 555-0162;1
7537;1 (11) 500 555-0154;1
7538;1 (11) 500 555-0164;1
7539;1 (11) 500 555-0113;1
7540;124-555-0170;2
7541;817-555-0110;2
7542;110-555-0119;1
7543;757-555-0160;2
7544;1 (11) 500 555-0112;2
7545;209-555-0129;2
7546;131-555-0124;1
7547;542-555-0115;1
7548;1 (11) 500 555-0169;1
7549;847-555-0135;2
7550;1 (11) 500 555-0113;1
7551;1 (11) 500 555-0124;1
7552;445-555-0121;2
7553;389-555-0149;2
7554;1 (11) 500 555-0162;1
7555;1 (11) 500 555-0140;2
7556;1 (11) 500 555-0140;1
7557;1 (11) 500 555-0132;2
7558;1 (11) 500 555-0152;2
7559;123-555-0180;1
7560;1 (11) 500 555-0139;2
7561;1 (11) 500 555-0168;1
7562;1 (11) 500 555-0111;2
7563;1 (11) 500 555-0139;2
7564;1 (11) 500 555-0150;2
7565;847-555-0163;2
7566;1 (11) 500 555-0161;1
7567;863-555-0114;1
7568;779-555-0125;1
7569;1 (11) 500 555-0167;1
7570;640-555-0129;1
7571;1 (11) 500 555-0121;2
7572;835-555-0134;2
7573;1 (11) 500 555-0146;1
7574;468-555-0162;1
7575;384-555-0143;1
7576;533-555-0112;2
7577;641-555-0175;2
7578;277-555-0144;2
7579;1 (11) 500 555-0141;2
7580;157-555-0149;1
7581;603-555-0197;1
7582;1 (11) 500 555-0199;2
7583;1 (11) 500 555-0146;1
7584;196-555-0111;2
7585;406-555-0137;2
7586;417-555-0168;2
7587;266-555-0115;1
7588;1 (11) 500 555-0162;2
7589;595-555-0173;2
7590;431-555-0174;2
7591;540-555-0129;2
7592;742-555-0138;1
7593;212-555-0195;2
7594;154-555-0148;2
7595;208-555-0139;2
7596;1 (11) 500 555-0126;1
7597;517-555-0143;1
7598;528-555-0160;2
7599;1 (11) 500 555-0183;1
7600;1 (11) 500 555-0121;1
7601;595-555-0125;2
7602;274-555-0189;2
7603;1 (11) 500 555-0156;2
7604;388-555-0133;2
7605;867-555-0177;2
7606;1 (11) 500 555-0182;1
7607;1 (11) 500 555-0186;2
7608;245-555-0181;1
7609;746-555-0127;1
7610;1 (11) 500 555-0122;2
7611;1 (11) 500 555-0191;2
7612;1 (11) 500 555-0115;2
7613;741-555-0112;1
7614;1 (11) 500 555-0111;2
7615;1 (11) 500 555-0153;1
7616;986-555-0153;1
7617;676-555-0172;1
7618;117-555-0124;1
7619;1 (11) 500 555-0116;1
7620;638-555-0128;1
7621;1 (11) 500 555-0134;2
7622;1 (11) 500 555-0160;2
7623;1 (11) 500 555-0188;1
7624;111-555-0183;1
7625;617-555-0119;1
7626;1 (11) 500 555-0136;2
7627;1 (11) 500 555-0126;2
7628;348-555-0142;1
7629;117-555-0117;2
7630;792-555-0113;2
7631;147-555-0143;2
7632;1 (11) 500 555-0119;2
7633;142-555-0175;2
7634;714-555-0159;1
7635;1 (11) 500 555-0187;1
7636;454-555-0165;1
7637;1 (11) 500 555-0139;2
7638;1 (11) 500 555-0161;2
7639;411-555-0197;2
7640;1 (11) 500 555-0141;1
7641;322-555-0180;1
7642;849-555-0139;1
7643;718-555-0115;2
7644;299-555-0187;1
7645;1 (11) 500 555-0119;1
7646;130-555-0175;2
7647;349-555-0176;2
7648;1 (11) 500 555-0125;2
7649;113-555-0128;2
7650;390-555-0195;2
7651;1 (11) 500 555-0144;1
7652;1 (11) 500 555-0110;2
7653;1 (11) 500 555-0118;2
7654;204-555-0144;2
7655;1 (11) 500 555-0118;2
7656;1 (11) 500 555-0122;1
7657;198-555-0159;2
7658;384-555-0196;2
7659;1 (11) 500 555-0118;1
7660;308-555-0112;1
7661;1 (11) 500 555-0135;1
7662;435-555-0136;1
7663;945-555-0170;1
7664;1 (11) 500 555-0141;1
7665;1 (11) 500 555-0166;2
7666;367-555-0172;2
7667;1 (11) 500 555-0166;1
7668;397-555-0174;1
7669;807-555-0154;2
7670;1 (11) 500 555-0157;1
7671;1 (11) 500 555-0181;1
7672;579-555-0195;1
7673;787-555-0188;1
7674;583-555-0123;2
7675;296-555-0164;1
7676;671-555-0144;1
7677;578-555-0110;2
7678;768-555-0181;1
7679;1 (11) 500 555-0119;1
7680;112-555-0124;2
7681;598-555-0174;2
7682;827-555-0198;1
7683;180-555-0159;2
7684;848-555-0112;1
7685;1 (11) 500 555-0129;2
7686;447-555-0154;2
7687;1 (11) 500 555-0151;2
7688;1 (11) 500 555-0112;2
7689;1 (11) 500 555-0185;1
7690;743-555-0131;2
7691;1 (11) 500 555-0117;2
7692;238-555-0168;1
7693;189-555-0119;2
7694;1 (11) 500 555-0176;2
7695;1 (11) 500 555-0193;1
7696;1 (11) 500 555-0194;2
7697;218-555-0142;2
7698;679-555-0142;2
7699;259-555-0132;1
7700;1 (11) 500 555-0162;1
7701;1 (11) 500 555-0112;1
7702;445-555-0120;1
7703;934-555-0191;1
7704;781-555-0154;2
7705;1 (11) 500 555-0182;1
7706;166-555-0145;1
7707;816-555-0194;2
7708;1 (11) 500 555-0121;1
7709;580-555-0124;2
7710;1 (11) 500 555-0132;1
7711;822-555-0164;2
7712;712-555-0168;1
7713;1 (11) 500 555-0153;1
7714;581-555-0195;2
7715;692-555-0112;1
7716;223-555-0195;1
7717;1 (11) 500 555-0146;2
7718;725-555-0131;1
7719;140-555-0167;2
7720;1 (11) 500 555-0136;2
7721;179-555-0197;2
7722;1 (11) 500 555-0162;2
7723;142-555-0189;2
7724;1 (11) 500 555-0113;2
7725;582-555-0144;1
7726;1 (11) 500 555-0193;2
7727;266-555-0112;1
7728;1 (11) 500 555-0174;2
7729;413-555-0174;2
7730;1 (11) 500 555-0124;1
7731;1 (11) 500 555-0126;2
7732;1 (11) 500 555-0196;1
7733;1 (11) 500 555-0193;2
7734;572-555-0180;2
7735;1 (11) 500 555-0113;1
7736;171-555-0124;1
7737;1 (11) 500 555-0161;2
7738;1 (11) 500 555-0182;2
7739;579-555-0186;2
7740;1 (11) 500 555-0186;2
7741;172-555-0136;1
7742;796-555-0111;2
7743;1 (11) 500 555-0166;1
7744;377-555-0172;1
7745;1 (11) 500 555-0135;1
7746;499-555-0128;1
7747;904-555-0153;1
7748;646-555-0181;1
7749;852-555-0111;1
7750;1 (11) 500 555-0160;2
7751;669-555-0115;1
7752;498-555-0115;1
7753;1 (11) 500 555-0139;1
7754;808-555-0181;1
7755;1 (11) 500 555-0154;1
7756;1 (11) 500 555-0115;2
7757;1 (11) 500 555-0188;2
7758;349-555-0195;2
7759;1 (11) 500 555-0147;1
7760;128-555-0122;2
7761;443-555-0198;2
7762;186-555-0148;2
7763;1 (11) 500 555-0112;1
7764;868-555-0145;2
7765;185-555-0142;2
7766;1 (11) 500 555-0188;2
7767;1 (11) 500 555-0137;2
7768;1 (11) 500 555-0162;2
7769;1 (11) 500 555-0115;2
7770;857-555-0156;2
7771;1 (11) 500 555-0114;2
7772;443-555-0183;2
7773;1 (11) 500 555-0150;2
7774;491-555-0198;2
7775;424-555-0112;2
7776;1 (11) 500 555-0181;1
7777;1 (11) 500 555-0143;1
7778;914-555-0131;2
7779;636-555-0197;1
7780;1 (11) 500 555-0135;2
7781;1 (11) 500 555-0116;2
7782;868-555-0111;1
7783;1 (11) 500 555-0153;1
7784;1 (11) 500 555-0163;1
7785;1 (11) 500 555-0168;2
7786;1 (11) 500 555-0185;1
7787;155-555-0140;2
7788;440-555-0114;1
7789;756-555-0186;1
7790;458-555-0135;1
7791;147-555-0118;2
7792;181-555-0142;2
7793;292-555-0170;2
7794;1 (11) 500 555-0114;1
7795;190-555-0117;1
7796;1 (11) 500 555-0118;2
7797;368-555-0178;1
7798;605-555-0133;2
7799;1 (11) 500 555-0160;2
7800;273-555-0175;2
7801;885-555-0148;2
7802;1 (11) 500 555-0161;2
7803;618-555-0189;1
7804;516-555-0155;2
7805;887-555-0184;2
7806;1 (11) 500 555-0178;2
7807;1 (11) 500 555-0148;2
7808;1 (11) 500 555-0189;1
7809;1 (11) 500 555-0195;2
7810;1 (11) 500 555-0122;1
7811;1 (11) 500 555-0125;2
7812;1 (11) 500 555-0156;1
7813;1 (11) 500 555-0165;2
7814;372-555-0114;2
7815;1 (11) 500 555-0198;2
7816;224-555-0119;1
7817;992-555-0129;2
7818;834-555-0133;1
7819;1 (11) 500 555-0182;2
7820;148-555-0143;1
7821;1 (11) 500 555-0114;2
7822;279-555-0196;1
7823;750-555-0154;1
7824;1 (11) 500 555-0183;1
7825;1 (11) 500 555-0114;1
7826;1 (11) 500 555-0191;2
7827;1 (11) 500 555-0171;1
7828;134-555-0152;1
7829;1 (11) 500 555-0117;2
7830;1 (11) 500 555-0187;1
7831;201-555-0197;2
7832;1 (11) 500 555-0166;2
7833;458-555-0149;2
7834;1 (11) 500 555-0119;1
7835;154-555-0170;2
7836;1 (11) 500 555-0139;1
7837;1 (11) 500 555-0194;1
7838;1 (11) 500 555-0174;2
7839;175-555-0147;1
7840;1 (11) 500 555-0138;2
7841;162-555-0121;1
7842;185-555-0142;2
7843;1 (11) 500 555-0115;1
7844;887-555-0115;1
7845;330-555-0137;2
7846;713-555-0159;2
7847;262-555-0128;1
7848;1 (11) 500 555-0119;2
7849;1 (11) 500 555-0187;1
7850;1 (11) 500 555-0116;1
7851;459-555-0122;2
7852;1 (11) 500 555-0190;2
7853;358-555-0111;2
7854;949-555-0166;1
7855;1 (11) 500 555-0176;1
7856;190-555-0142;2
7857;1 (11) 500 555-0120;1
7858;668-555-0171;2
7859;1 (11) 500 555-0135;1
7860;166-555-0180;2
7861;1 (11) 500 555-0139;2
7862;1 (11) 500 555-0191;2
7863;665-555-0159;1
7864;757-555-0167;2
7865;582-555-0147;1
7866;1 (11) 500 555-0111;2
7867;852-555-0172;1
7868;434-555-0167;1
7869;150-555-0113;2
7870;517-555-0140;2
7871;1 (11) 500 555-0159;1
7872;335-555-0154;1
7873;751-555-0124;1
7874;725-555-0142;1
7875;1 (11) 500 555-0190;1
7876;1 (11) 500 555-0182;2
7877;161-555-0144;2
7878;1 (11) 500 555-0139;2
7879;480-555-0169;2
7880;1 (11) 500 555-0111;2
7881;1 (11) 500 555-0155;2
7882;741-555-0166;1
7883;286-555-0111;2
7884;1 (11) 500 555-0137;2
7885;1 (11) 500 555-0143;1
7886;181-555-0162;1
7887;1 (11) 500 555-0142;1
7888;1 (11) 500 555-0122;2
7889;180-555-0112;1
7890;510-555-0134;1
7891;816-555-0173;2
7892;197-555-0160;1
7893;1 (11) 500 555-0130;1
7894;830-555-0158;1
7895;912-555-0141;1
7896;1 (11) 500 555-0113;1
7897;1 (11) 500 555-0180;1
7898;990-555-0126;2
7899;1 (11) 500 555-0110;1
7900;933-555-0130;2
7901;960-555-0155;1
7902;1 (11) 500 555-0117;1
7903;534-555-0178;1
7904;1 (11) 500 555-0181;2
7905;1 (11) 500 555-0186;2
7906;971-555-0172;2
7907;201-555-0171;2
7908;772-555-0169;2
7909;1 (11) 500 555-0153;2
7910;1 (11) 500 555-0175;1
7911;1 (11) 500 555-0175;2
7912;993-555-0174;2
7913;784-555-0176;1
7914;1 (11) 500 555-0127;2
7915;310-555-0159;1
7916;1 (11) 500 555-0146;1
7917;990-555-0144;2
7918;678-555-0110;2
7919;593-555-0198;2
7920;1 (11) 500 555-0121;1
7921;1 (11) 500 555-0171;2
7922;1 (11) 500 555-0166;2
7923;1 (11) 500 555-0143;2
7924;425-555-0131;1
7925;1 (11) 500 555-0199;2
7926;195-555-0153;2
7927;1 (11) 500 555-0170;2
7928;496-555-0117;2
7929;562-555-0198;2
7930;1 (11) 500 555-0111;2
7931;1 (11) 500 555-0161;2
7932;336-555-0117;1
7933;1 (11) 500 555-0129;2
7934;210-555-0162;1
7935;1 (11) 500 555-0172;1
7936;259-555-0199;1
7937;211-555-0184;1
7938;214-555-0119;1
7939;127-555-0131;2
7940;455-555-0159;1
7941;424-555-0184;1
7942;532-555-0146;2
7943;1 (11) 500 555-0157;2
7944;1 (11) 500 555-0117;2
7945;1 (11) 500 555-0158;2
7946;868-555-0144;1
7947;1 (11) 500 555-0118;1
7948;142-555-0138;1
7949;718-555-0172;1
7950;182-555-0138;2
7951;876-555-0142;2
7952;1 (11) 500 555-0143;2
7953;146-555-0195;2
7954;1 (11) 500 555-0134;2
7955;442-555-0165;1
7956;999-555-0126;2
7957;106-555-0198;1
7958;1 (11) 500 555-0115;2
7959;300-555-0149;1
7960;1 (11) 500 555-0196;1
7961;963-555-0150;2
7962;715-555-0144;1
7963;610-555-0128;2
7964;1 (11) 500 555-0160;1
7965;1 (11) 500 555-0172;2
7966;507-555-0132;1
7967;327-555-0159;1
7968;876-555-0114;2
7969;1 (11) 500 555-0186;2
7970;542-555-0129;2
7971;643-555-0140;1
7972;443-555-0131;2
7973;656-555-0167;2
7974;1 (11) 500 555-0185;1
7975;1 (11) 500 555-0166;2
7976;808-555-0114;2
7977;1 (11) 500 555-0117;2
7978;171-555-0134;2
7979;1 (11) 500 555-0184;2
7980;1 (11) 500 555-0136;2
7981;366-555-0128;2
7982;904-555-0116;2
7983;1 (11) 500 555-0115;1
7984;763-555-0131;1
7985;466-555-0171;1
7986;1 (11) 500 555-0147;1
7987;1 (11) 500 555-0142;1
7988;426-555-0117;2
7989;431-555-0121;2
7990;447-555-0113;2
7991;1 (11) 500 555-0167;2
7992;1 (11) 500 555-0161;2
7993;226-555-0110;2
7994;816-555-0169;2
7995;1 (11) 500 555-0197;1
7996;889-555-0167;2
7997;496-555-0134;1
7998;1 (11) 500 555-0194;2
7999;864-555-0197;1
8000;1 (11) 500 555-0117;1
8001;735-555-0127;1
8002;1 (11) 500 555-0192;1
8003;875-555-0169;2
8004;1 (11) 500 555-0127;2
8005;1 (11) 500 555-0179;1
8006;176-555-0150;1
8007;725-555-0128;2
8008;1 (11) 500 555-0178;2
8009;1 (11) 500 555-0141;2
8010;1 (11) 500 555-0113;1
8011;728-555-0111;1
8012;170-555-0175;2
8013;519-555-0115;2
8014;1 (11) 500 555-0192;2
8015;346-555-0177;1
8016;1 (11) 500 555-0195;1
8017;532-555-0181;2
8018;590-555-0169;1
8019;1 (11) 500 555-0146;1
8020;257-555-0122;1
8021;1 (11) 500 555-0115;2
8022;1 (11) 500 555-0138;1
8023;945-555-0159;2
8024;439-555-0153;1
8025;1 (11) 500 555-0141;2
8026;1 (11) 500 555-0197;2
8027;417-555-0163;2
8028;197-555-0160;1
8029;926-555-0114;2
8030;1 (11) 500 555-0121;1
8031;1 (11) 500 555-0125;2
8032;248-555-0154;1
8033;692-555-0189;1
8034;1 (11) 500 555-0181;2
8035;1 (11) 500 555-0160;2
8036;1 (11) 500 555-0186;2
8037;1 (11) 500 555-0189;2
8038;203-555-0110;2
8039;669-555-0129;2
8040;1 (11) 500 555-0178;1
8041;130-555-0153;1
8042;321-555-0171;2
8043;1 (11) 500 555-0140;2
8044;263-555-0147;2
8045;1 (11) 500 555-0118;2
8046;1 (11) 500 555-0117;1
8047;736-555-0192;2
8048;1 (11) 500 555-0145;1
8049;299-555-0171;2
8050;506-555-0115;1
8051;671-555-0192;2
8052;215-555-0156;2
8053;690-555-0191;1
8054;868-555-0191;1
8055;1 (11) 500 555-0136;1
8056;1 (11) 500 555-0135;2
8057;429-555-0185;1
8058;245-555-0135;2
8059;233-555-0160;2
8060;466-555-0168;2
8061;237-555-0173;1
8062;1 (11) 500 555-0157;2
8063;998-555-0194;1
8064;180-555-0155;2
8065;534-555-0131;1
8066;1 (11) 500 555-0140;2
8067;1 (11) 500 555-0194;1
8068;526-555-0114;1
8069;569-555-0191;2
8070;1 (11) 500 555-0182;1
8071;156-555-0137;1
8072;141-555-0152;1
8073;1 (11) 500 555-0116;1
8074;1 (11) 500 555-0185;1
8075;662-555-0125;1
8076;1 (11) 500 555-0182;1
8077;1 (11) 500 555-0157;2
8078;879-555-0124;1
8079;129-555-0115;2
8080;1 (11) 500 555-0181;2
8081;263-555-0151;1
8082;1 (11) 500 555-0117;1
8083;632-555-0154;1
8084;924-555-0164;1
8085;1 (11) 500 555-0160;1
8086;683-555-0198;1
8087;395-555-0118;2
8088;1 (11) 500 555-0133;1
8089;1 (11) 500 555-0181;1
8090;1 (11) 500 555-0152;2
8091;523-555-0180;2
8092;983-555-0129;1
8093;1 (11) 500 555-0150;1
8094;861-555-0128;1
8095;764-555-0112;2
8096;1 (11) 500 555-0168;2
8097;1 (11) 500 555-0141;1
8098;364-555-0160;2
8099;859-555-0111;2
8100;381-555-0157;2
8101;787-555-0196;2
8102;1 (11) 500 555-0192;1
8103;202-555-0153;1
8104;1 (11) 500 555-0119;1
8105;403-555-0138;2
8106;988-555-0116;2
8107;370-555-0153;1
8108;1 (11) 500 555-0163;1
8109;1 (11) 500 555-0184;2
8110;647-555-0141;2
8111;1 (11) 500 555-0115;2
8112;1 (11) 500 555-0196;1
8113;907-555-0122;1
8114;170-555-0185;1
8115;1 (11) 500 555-0188;1
8116;529-555-0113;1
8117;276-555-0149;1
8118;272-555-0191;2
8119;1 (11) 500 555-0154;2
8120;292-555-0135;2
8121;1 (11) 500 555-0191;1
8122;1 (11) 500 555-0112;2
8123;314-555-0174;1
8124;525-555-0117;1
8125;936-555-0151;2
8126;150-555-0195;2
8127;849-555-0127;1
8128;102-555-0196;1
8129;1 (11) 500 555-0155;1
8130;909-555-0153;1
8131;1 (11) 500 555-0178;1
8132;157-555-0168;1
8133;1 (11) 500 555-0165;2
8134;1 (11) 500 555-0130;2
8135;116-555-0118;2
8136;1 (11) 500 555-0195;2
8137;233-555-0131;2
8138;707-555-0112;1
8139;1 (11) 500 555-0125;2
8140;1 (11) 500 555-0130;1
8141;1 (11) 500 555-0167;1
8142;1 (11) 500 555-0198;1
8143;1 (11) 500 555-0155;1
8144;1 (11) 500 555-0127;1
8145;402-555-0198;1
8146;600-555-0119;2
8147;1 (11) 500 555-0187;1
8148;726-555-0143;2
8149;685-555-0169;2
8150;1 (11) 500 555-0180;2
8151;1 (11) 500 555-0187;1
8152;714-555-0177;2
8153;1 (11) 500 555-0134;2
8154;1 (11) 500 555-0157;2
8155;1 (11) 500 555-0116;1
8156;540-555-0194;1
8157;1 (11) 500 555-0163;1
8158;485-555-0126;1
8159;618-555-0112;1
8160;1 (11) 500 555-0183;1
8161;490-555-0161;2
8162;1 (11) 500 555-0117;1
8163;1 (11) 500 555-0190;2
8164;193-555-0123;2
8165;1 (11) 500 555-0160;2
8166;1 (11) 500 555-0117;2
8167;1 (11) 500 555-0119;1
8168;1 (11) 500 555-0144;1
8169;778-555-0143;2
8170;1 (11) 500 555-0134;2
8171;682-555-0187;1
8172;1 (11) 500 555-0137;1
8173;256-555-0121;1
8174;1 (11) 500 555-0129;2
8175;692-555-0146;2
8176;1 (11) 500 555-0198;2
8177;1 (11) 500 555-0174;2
8178;1 (11) 500 555-0155;2
8179;1 (11) 500 555-0127;2
8180;603-555-0114;1
8181;588-555-0128;2
8182;1 (11) 500 555-0142;1
8183;475-555-0126;1
8184;1 (11) 500 555-0191;2
8185;1 (11) 500 555-0119;1
8186;188-555-0114;1
8187;212-555-0147;1
8188;1 (11) 500 555-0136;1
8189;1 (11) 500 555-0188;2
8190;773-555-0196;2
8191;1 (11) 500 555-0162;2
8192;1 (11) 500 555-0127;1
8193;298-555-0145;2
8194;195-555-0150;2
8195;172-555-0141;2
8196;1 (11) 500 555-0188;2
8197;685-555-0115;1
8198;381-555-0111;2
8199;488-555-0117;2
8200;557-555-0183;1
8201;1 (11) 500 555-0192;1
8202;206-555-0165;1
8203;789-555-0143;1
8204;1 (11) 500 555-0129;1
8205;195-555-0190;2
8206;796-555-0139;2
8207;1 (11) 500 555-0110;1
8208;1 (11) 500 555-0134;2
8209;1 (11) 500 555-0188;2
8210;651-555-0110;2
8211;1 (11) 500 555-0111;1
8212;254-555-0148;2
8213;1 (11) 500 555-0119;1
8214;193-555-0142;1
8215;492-555-0153;1
8216;1 (11) 500 555-0177;1
8217;1 (11) 500 555-0163;2
8218;738-555-0113;1
8219;184-555-0144;2
8220;1 (11) 500 555-0123;1
8221;248-555-0136;1
8222;349-555-0113;1
8223;694-555-0132;2
8224;1 (11) 500 555-0142;1
8225;156-555-0118;1
8226;1 (11) 500 555-0130;2
8227;1 (11) 500 555-0113;2
8228;704-555-0119;2
8229;133-555-0116;1
8230;182-555-0192;1
8231;460-555-0194;1
8232;814-555-0115;2
8233;1 (11) 500 555-0190;1
8234;1 (11) 500 555-0166;2
8235;550-555-0185;1
8236;1 (11) 500 555-0145;1
8237;481-555-0110;2
8238;310-555-0113;2
8239;323-555-0151;1
8240;1 (11) 500 555-0171;1
8241;1 (11) 500 555-0113;2
8242;1 (11) 500 555-0161;1
8243;1 (11) 500 555-0176;1
8244;614-555-0177;1
8245;1 (11) 500 555-0118;1
8246;629-555-0130;2
8247;1 (11) 500 555-0187;2
8248;271-555-0187;2
8249;1 (11) 500 555-0119;1
8250;1 (11) 500 555-0191;1
8251;1 (11) 500 555-0159;2
8252;1 (11) 500 555-0147;1
8253;1 (11) 500 555-0179;1
8254;1 (11) 500 555-0110;1
8255;372-555-0129;2
8256;1 (11) 500 555-0158;2
8257;1 (11) 500 555-0146;2
8258;1 (11) 500 555-0176;1
8259;1 (11) 500 555-0180;1
8260;1 (11) 500 555-0119;2
8261;764-555-0141;1
8262;133-555-0124;2
8263;744-555-0162;2
8264;534-555-0159;2
8265;1 (11) 500 555-0186;1
8266;131-555-0192;1
8267;1 (11) 500 555-0116;1
8268;203-555-0115;2
8269;1 (11) 500 555-0158;2
8270;717-555-0178;2
8271;880-555-0176;2
8272;402-555-0162;1
8273;1 (11) 500 555-0141;1
8274;116-555-0178;2
8275;862-555-0181;1
8276;697-555-0184;2
8277;1 (11) 500 555-0111;1
8278;630-555-0145;2
8279;1 (11) 500 555-0119;2
8280;734-555-0132;1
8281;399-555-0190;2
8282;237-555-0166;1
8283;1 (11) 500 555-0172;2
8284;1 (11) 500 555-0191;1
8285;1 (11) 500 555-0124;1
8286;612-555-0170;1
8287;359-555-0132;2
8288;518-555-0124;2
8289;1 (11) 500 555-0134;2
8290;731-555-0157;1
8291;794-555-0122;2
8292;1 (11) 500 555-0129;2
8293;1 (11) 500 555-0151;2
8294;1 (11) 500 555-0111;1
8295;1 (11) 500 555-0130;2
8296;1 (11) 500 555-0197;1
8297;368-555-0147;2
8298;763-555-0144;2
8299;1 (11) 500 555-0112;2
8300;271-555-0142;2
8301;712-555-0144;1
8302;1 (11) 500 555-0131;1
8303;1 (11) 500 555-0123;2
8304;1 (11) 500 555-0143;1
8305;368-555-0168;1
8306;1 (11) 500 555-0131;2
8307;1 (11) 500 555-0191;1
8308;628-555-0176;2
8309;995-555-0111;1
8310;314-555-0185;1
8311;280-555-0149;2
8312;549-555-0191;1
8313;729-555-0139;1
8314;1 (11) 500 555-0169;2
8315;1 (11) 500 555-0188;2
8316;1 (11) 500 555-0118;1
8317;157-555-0174;1
8318;1 (11) 500 555-0115;1
8319;1 (11) 500 555-0190;1
8320;1 (11) 500 555-0114;2
8321;505-555-0130;2
8322;942-555-0151;2
8323;117-555-0112;1
8324;265-555-0132;1
8325;1 (11) 500 555-0174;1
8326;147-555-0185;1
8327;328-555-0112;1
8328;492-555-0166;2
8329;1 (11) 500 555-0147;2
8330;517-555-0166;1
8331;134-555-0143;1
8332;497-555-0182;1
8333;1 (11) 500 555-0112;2
8334;475-555-0142;1
8335;1 (11) 500 555-0137;2
8336;820-555-0189;2
8337;1 (11) 500 555-0113;1
8338;199-555-0117;1
8339;1 (11) 500 555-0185;2
8340;1 (11) 500 555-0149;1
8341;140-555-0130;1
8342;926-555-0155;1
8343;783-555-0182;1
8344;990-555-0183;2
8345;157-555-0155;2
8346;1 (11) 500 555-0129;2
8347;1 (11) 500 555-0137;1
8348;142-555-0175;2
8349;396-555-0186;2
8350;606-555-0142;1
8351;1 (11) 500 555-0111;2
8352;431-555-0164;1
8353;1 (11) 500 555-0112;1
8354;797-555-0116;1
8355;863-555-0157;1
8356;889-555-0185;2
8357;455-555-0152;1
8358;514-555-0198;1
8359;176-555-0180;1
8360;387-555-0145;1
8361;485-555-0144;1
8362;1 (11) 500 555-0171;2
8363;949-555-0130;2
8364;1 (11) 500 555-0165;1
8365;1 (11) 500 555-0162;1
8366;897-555-0196;1
8367;330-555-0110;1
8368;1 (11) 500 555-0178;1
8369;695-555-0129;1
8370;409-555-0189;1
8371;471-555-0167;1
8372;1 (11) 500 555-0117;2
8373;645-555-0175;2
8374;1 (11) 500 555-0199;2
8375;1 (11) 500 555-0127;2
8376;1 (11) 500 555-0116;1
8377;311-555-0111;1
8378;151-555-0161;1
8379;1 (11) 500 555-0140;2
8380;374-555-0151;1
8381;149-555-0196;2
8382;1 (11) 500 555-0161;1
8383;782-555-0199;2
8384;1 (11) 500 555-0197;1
8385;1 (11) 500 555-0172;1
8386;136-555-0165;2
8387;1 (11) 500 555-0173;1
8388;1 (11) 500 555-0178;2
8389;416-555-0152;2
8390;1 (11) 500 555-0154;1
8391;847-555-0111;2
8392;1 (11) 500 555-0176;2
8393;598-555-0156;1
8394;1 (11) 500 555-0128;1
8395;1 (11) 500 555-0185;2
8396;1 (11) 500 555-0116;1
8397;1 (11) 500 555-0118;2
8398;458-555-0174;1
8399;1 (11) 500 555-0152;2
8400;130-555-0197;1
8401;120-555-0179;1
8402;1 (11) 500 555-0179;2
8403;514-555-0192;2
8404;579-555-0139;1
8405;1 (11) 500 555-0184;1
8406;819-555-0133;1
8407;713-555-0111;2
8408;120-555-0165;1
8409;633-555-0132;1
8410;1 (11) 500 555-0159;1
8411;308-555-0187;1
8412;1 (11) 500 555-0154;2
8413;1 (11) 500 555-0182;1
8414;440-555-0193;2
8415;1 (11) 500 555-0166;1
8416;941-555-0124;1
8417;1 (11) 500 555-0188;2
8418;758-555-0124;1
8419;1 (11) 500 555-0172;2
8420;231-555-0163;1
8421;1 (11) 500 555-0138;1
8422;164-555-0130;2
8423;1 (11) 500 555-0133;2
8424;279-555-0140;1
8425;1 (11) 500 555-0121;2
8426;981-555-0127;1
8427;833-555-0133;2
8428;1 (11) 500 555-0178;1
8429;1 (11) 500 555-0170;2
8430;991-555-0147;1
8431;336-555-0181;2
8432;137-555-0114;2
8433;1 (11) 500 555-0190;2
8434;1 (11) 500 555-0174;2
8435;1 (11) 500 555-0113;2
8436;458-555-0131;1
8437;171-555-0149;2
8438;1 (11) 500 555-0140;1
8439;1 (11) 500 555-0129;1
8440;1 (11) 500 555-0172;1
8441;477-555-0118;1
8442;1 (11) 500 555-0113;2
8443;296-555-0174;1
8444;276-555-0157;2
8445;1 (11) 500 555-0134;2
8446;1 (11) 500 555-0155;2
8447;115-555-0196;2
8448;966-555-0151;2
8449;1 (11) 500 555-0148;2
8450;1 (11) 500 555-0176;2
8451;396-555-0125;2
8452;700-555-0132;1
8453;618-555-0124;2
8454;854-555-0190;1
8455;1 (11) 500 555-0165;2
8456;1 (11) 500 555-0124;2
8457;847-555-0115;1
8458;606-555-0192;1
8459;1 (11) 500 555-0178;2
8460;1 (11) 500 555-0181;1
8461;764-555-0166;1
8462;474-555-0152;1
8463;1 (11) 500 555-0114;1
8464;165-555-0198;2
8465;238-555-0129;2
8466;590-555-0195;1
8467;1 (11) 500 555-0116;1
8468;1 (11) 500 555-0148;2
8469;752-555-0155;2
8470;116-555-0182;1
8471;1 (11) 500 555-0164;1
8472;927-555-0154;1
8473;111-555-0116;1
8474;1 (11) 500 555-0177;2
8475;994-555-0111;1
8476;207-555-0172;1
8477;691-555-0171;1
8478;1 (11) 500 555-0147;2
8479;154-555-0137;1
8480;530-555-0143;2
8481;1 (11) 500 555-0150;2
8482;1 (11) 500 555-0195;1
8483;675-555-0150;1
8484;1 (11) 500 555-0177;1
8485;1 (11) 500 555-0187;2
8486;676-555-0146;1
8487;1 (11) 500 555-0169;1
8488;1 (11) 500 555-0134;1
8489;473-555-0168;2
8490;928-555-0118;1
8491;1 (11) 500 555-0119;1
8492;174-555-0164;2
8493;1 (11) 500 555-0190;2
8494;881-555-0175;2
8495;199-555-0157;2
8496;435-555-0154;2
8497;382-555-0179;2
8498;1 (11) 500 555-0196;2
8499;398-555-0188;1
8500;1 (11) 500 555-0145;1
8501;844-555-0119;2
8502;1 (11) 500 555-0113;1
8503;420-555-0197;2
8504;774-555-0160;2
8505;1 (11) 500 555-0145;2
8506;1 (11) 500 555-0136;2
8507;1 (11) 500 555-0114;1
8508;1 (11) 500 555-0186;2
8509;1 (11) 500 555-0187;1
8510;1 (11) 500 555-0179;2
8511;1 (11) 500 555-0118;1
8512;396-555-0158;2
8513;1 (11) 500 555-0158;2
8514;327-555-0116;2
8515;1 (11) 500 555-0128;2
8516;480-555-0190;1
8517;360-555-0173;1
8518;1 (11) 500 555-0173;1
8519;448-555-0153;1
8520;1 (11) 500 555-0113;1
8521;1 (11) 500 555-0110;1
8522;1 (11) 500 555-0119;2
8523;1 (11) 500 555-0145;2
8524;383-555-0177;2
8525;392-555-0143;1
8526;324-555-0129;2
8527;1 (11) 500 555-0112;1
8528;944-555-0152;1
8529;131-555-0115;2
8530;1 (11) 500 555-0193;2
8531;1 (11) 500 555-0128;2
8532;660-555-0112;2
8533;411-555-0128;1
8534;1 (11) 500 555-0174;2
8535;628-555-0166;1
8536;1 (11) 500 555-0110;2
8537;1 (11) 500 555-0178;1
8538;836-555-0131;2
8539;1 (11) 500 555-0158;1
8540;253-555-0185;2
8541;1 (11) 500 555-0146;1
8542;238-555-0185;1
8543;1 (11) 500 555-0111;1
8544;511-555-0117;1
8545;156-555-0162;1
8546;841-555-0161;2
8547;1 (11) 500 555-0116;2
8548;459-555-0187;2
8549;1 (11) 500 555-0162;1
8550;842-555-0194;1
8551;1 (11) 500 555-0168;2
8552;1 (11) 500 555-0190;1
8553;747-555-0199;1
8554;907-555-0197;1
8555;141-555-0158;1
8556;1 (11) 500 555-0151;2
8557;461-555-0141;1
8558;1 (11) 500 555-0169;1
8559;978-555-0168;1
8560;548-555-0110;1
8561;1 (11) 500 555-0181;1
8562;950-555-0111;2
8563;1 (11) 500 555-0198;1
8564;196-555-0125;1
8565;1 (11) 500 555-0177;2
8566;666-555-0153;1
8567;164-555-0174;1
8568;1 (11) 500 555-0114;2
8569;769-555-0136;2
8570;146-555-0185;1
8571;338-555-0190;2
8572;1 (11) 500 555-0198;1
8573;539-555-0190;1
8574;665-555-0143;2
8575;1 (11) 500 555-0111;1
8576;379-555-0115;2
8577;304-555-0157;1
8578;1 (11) 500 555-0180;1
8579;1 (11) 500 555-0173;1
8580;812-555-0179;2
8581;1 (11) 500 555-0160;2
8582;1 (11) 500 555-0159;2
8583;1 (11) 500 555-0117;1
8584;720-555-0184;2
8585;1 (11) 500 555-0124;1
8586;608-555-0170;1
8587;801-555-0116;1
8588;1 (11) 500 555-0115;1
8589;394-555-0111;2
8590;1 (11) 500 555-0153;1
8591;544-555-0190;1
8592;565-555-0115;1
8593;771-555-0195;1
8594;1 (11) 500 555-0120;2
8595;908-555-0137;1
8596;935-555-0120;1
8597;944-555-0168;1
8598;1 (11) 500 555-0135;2
8599;566-555-0149;2
8600;589-555-0155;1
8601;1 (11) 500 555-0113;1
8602;1 (11) 500 555-0144;2
8603;318-555-0161;2
8604;144-555-0110;1
8605;116-555-0173;1
8606;1 (11) 500 555-0117;1
8607;1 (11) 500 555-0171;1
8608;1 (11) 500 555-0119;2
8609;624-555-0115;2
8610;232-555-0114;2
8611;643-555-0165;2
8612;1 (11) 500 555-0167;1
8613;1 (11) 500 555-0113;2
8614;1 (11) 500 555-0119;2
8615;629-555-0116;1
8616;115-555-0163;1
8617;1 (11) 500 555-0188;2
8618;1 (11) 500 555-0122;1
8619;1 (11) 500 555-0194;1
8620;1 (11) 500 555-0175;1
8621;1 (11) 500 555-0126;2
8622;1 (11) 500 555-0169;1
8623;1 (11) 500 555-0178;1
8624;1 (11) 500 555-0180;1
8625;1 (11) 500 555-0158;2
8626;1 (11) 500 555-0113;2
8627;709-555-0164;1
8628;1 (11) 500 555-0149;1
8629;1 (11) 500 555-0142;1
8630;627-555-0166;2
8631;794-555-0174;1
8632;1 (11) 500 555-0179;2
8633;379-555-0188;2
8634;805-555-0126;2
8635;599-555-0175;1
8636;444-555-0142;1
8637;1 (11) 500 555-0184;2
8638;118-555-0167;2
8639;1 (11) 500 555-0141;1
8640;473-555-0199;2
8641;941-555-0177;1
8642;955-555-0114;2
8643;1 (11) 500 555-0167;2
8644;1 (11) 500 555-0188;2
8645;1 (11) 500 555-0159;2
8646;1 (11) 500 555-0129;2
8647;328-555-0144;1
8648;1 (11) 500 555-0180;1
8649;328-555-0112;1
8650;1 (11) 500 555-0177;2
8651;1 (11) 500 555-0194;2
8652;148-555-0164;2
8653;1 (11) 500 555-0116;1
8654;1 (11) 500 555-0170;1
8655;1 (11) 500 555-0169;2
8656;1 (11) 500 555-0124;1
8657;403-555-0156;1
8658;599-555-0128;2
8659;1 (11) 500 555-0150;1
8660;283-555-0142;2
8661;100-555-0151;1
8662;929-555-0126;1
8663;1 (11) 500 555-0144;2
8664;1 (11) 500 555-0188;2
8665;561-555-0115;1
8666;597-555-0172;2
8667;225-555-0121;2
8668;1 (11) 500 555-0155;2
8669;1 (11) 500 555-0185;1
8670;1 (11) 500 555-0122;1
8671;1 (11) 500 555-0194;2
8672;1 (11) 500 555-0183;2
8673;1 (11) 500 555-0168;1
8674;1 (11) 500 555-0190;2
8675;906-555-0196;1
8676;989-555-0133;1
8677;793-555-0141;2
8678;499-555-0191;2
8679;1 (11) 500 555-0171;2
8680;121-555-0189;1
8681;1 (11) 500 555-0143;1
8682;1 (11) 500 555-0153;2
8683;496-555-0110;2
8684;1 (11) 500 555-0169;1
8685;1 (11) 500 555-0112;1
8686;293-555-0184;2
8687;1 (11) 500 555-0166;1
8688;669-555-0163;1
8689;1 (11) 500 555-0118;1
8690;1 (11) 500 555-0114;1
8691;490-555-0111;1
8692;123-555-0118;1
8693;161-555-0149;2
8694;984-555-0190;1
8695;1 (11) 500 555-0178;2
8696;1 (11) 500 555-0145;1
8697;1 (11) 500 555-0114;2
8698;533-555-0186;2
8699;1 (11) 500 555-0114;2
8700;1 (11) 500 555-0166;2
8701;1 (11) 500 555-0117;1
8702;1 (11) 500 555-0169;2
8703;881-555-0181;2
8704;829-555-0126;1
8705;1 (11) 500 555-0145;1
